   6.6500000e-03
   9.8222581e-03
   1.2994516e-02
   1.6166774e-02
   1.9339032e-02
   2.2511290e-02
   2.5683548e-02
   2.8855806e-02
   3.2028065e-02
   3.5200323e-02
   3.8372581e-02
   4.1544839e-02
   4.4717097e-02
   4.7889355e-02
   5.1061613e-02
   5.4233871e-02
   5.5069574e-02
   5.3568723e-02
   5.2067872e-02
   5.0567021e-02
   4.9066170e-02
   4.7565319e-02
   4.6064468e-02
   4.4563617e-02
   4.3062766e-02
   4.1561915e-02
   4.0061064e-02
   3.8560213e-02
   3.7059362e-02
   3.5558511e-02
   3.4057660e-02
   3.2556809e-02
   3.1055957e-02
   2.9555106e-02
   2.8054255e-02
   2.6553404e-02
   2.5052553e-02
   2.3551702e-02
   2.2050851e-02
   2.0550000e-02
   2.0405000e-02
   2.0260000e-02
   2.0115000e-02
   1.9970000e-02
   1.9825000e-02
   1.9680000e-02
   1.9535000e-02
   1.9390000e-02
   1.9245000e-02
   1.9100000e-02
   1.8702222e-02
   1.8304444e-02
   1.7906667e-02
   1.7508889e-02
   1.7111111e-02
   1.6713333e-02
   1.6315556e-02
   1.5917778e-02
   1.5520000e-02
   1.5122222e-02
   1.4724444e-02
   1.4326667e-02
   1.3928889e-02
   1.3531111e-02
   1.3133333e-02
   1.2735556e-02
   1.2337778e-02
   1.1940000e-02
   1.1542222e-02
   1.1144444e-02
   1.0746667e-02
   1.0348889e-02
   1.0185565e-02
   1.0256696e-02
   1.0327826e-02
   1.0398957e-02
   1.0470087e-02
   1.0541217e-02
   1.0612348e-02
   1.0683478e-02
   1.0754609e-02
   1.0825739e-02
   1.0896870e-02
   1.0968000e-02
   1.1039130e-02
   1.1110261e-02
   1.1181391e-02
   1.1252522e-02
   1.1323652e-02
   1.1394783e-02
   1.1465913e-02
   1.1537043e-02
   1.1608174e-02
   1.1679304e-02
   1.1750435e-02
   1.1821565e-02
   1.1892696e-02
   1.1963826e-02
   1.2034957e-02
   1.2106087e-02
   1.2177217e-02
   1.2248348e-02
   1.2319478e-02
   1.2390609e-02
   1.2461739e-02
   1.2532870e-02
   1.2604000e-02
   1.2675130e-02
   1.2746261e-02
   1.2817391e-02
   1.2888522e-02
   1.2959652e-02
   1.3030783e-02
   1.3101913e-02
   1.3173043e-02
   1.3244174e-02
   1.3315304e-02
   1.3386435e-02
   1.3457565e-02
   1.3528696e-02
   1.3599826e-02
   1.3670957e-02
   1.3742087e-02
   1.3813217e-02
   1.3884348e-02
   1.3955478e-02
   1.4026609e-02
   1.4097739e-02
   1.4168870e-02
   1.4240000e-02
   1.3290667e-02
   1.2341333e-02
   1.1392000e-02
   1.0442667e-02
   9.4933333e-03
   8.5440000e-03
   7.5946667e-03
   6.6453333e-03
   5.6960000e-03
   4.7466667e-03
   3.7973333e-03
   2.8480000e-03
   1.8986667e-03
   9.4933333e-04
   0.0000000e+00
