GEISA09 Lines : Database Extract Results

Extraction in progress...

nbr records in this bin file :   3807997
 *****************                                                                                                  *****************
 * geisa   geisa *                                extraction of geisa2009  contents                                 * geisa   geisa *
 *      ext      *                                                                                                  *      ext      *
 * geisa   geisa *                spectral  interval (cm-1)  nu1= 2400.000000   nu2= 35000.000000                   * geisa   geisa *
 *****************                                                                                                  *****************
                                          extraction of the following molecules and isotopes

  1 Molecule(s) affect(s) :  o2

  3 Isotope(s)  affect(s) :   66,  67,  68

                                        (A)  wavenumber (cm-1)
                                        (B)  intensity (cm-1/molec.cm-2 at 296 k)
                                        (C)  air broadening pressure halfwidth(cm-1 atm-1 at 296 K)
                                        (D)  energy of the lower level of the transition (cm-1)
                                        (G)  identification of the isotope
                                        (I)  identification code of the molecule

      ----------------------------------------------------
      |     A      |     B     |  C   |    D     | G | I |
      ----------------------------------------------------
        6256.380089  1.3270D-30 0.0477  1814.1963  66   7       1
        6267.917108  1.4550D-30 0.0492  1743.1576  66   7       2
        6270.723420  1.2220D-30 0.0440  2097.0913  66   7       3
        6272.569444  1.3690D-30 0.0440  2095.2454  66   7       4
        6276.666347  1.7810D-30 0.0454  1992.1189  66   7       5
        6278.531106  2.0210D-30 0.0454  1990.2542  66   7       6
        6279.432710  1.3960D-30 0.0505  1683.4608  66   7       7
        6282.581519  2.4090D-30 0.0468  1898.4502  66   7       8
        6284.465570  2.7770D-30 0.0468  1896.5662  66   7       9
        6288.468792  3.0030D-30 0.0477  1816.1005  66   7      10
        6290.372955  3.5330D-30 0.0477  1814.1963  66   7      11
        6294.327921  3.4110D-30 0.0492  1745.0833  66   7      12
        6296.253478  4.1290D-30 0.0492  1743.1576  66   7      13
        6300.158555  3.4600D-30 0.0505  1685.4100  66   7      14
        6302.107685  4.3640D-30 0.0505  1683.4608  66   7      15
        6305.960244  3.0090D-30 0.0519  1637.0905  66   7      16
        6307.937130  4.0480D-30 0.0519  1635.1136  66   7      17
        6311.732435  2.0130D-30 0.0542  1600.1329  66   7      18
        6313.746857  3.0470D-30 0.0542  1598.1184  66   7      19
        6319.560103  1.2760D-30 0.0568  1572.4573  66   7      20
        6324.113044  1.8150D-30 0.0420  2213.3501  66   7      21
        6324.461344  2.8940D-30 0.0435  2097.0913  66   7      22
        6324.772622  4.3200D-30 0.0447  1992.1189  66   7      23
        6325.047820  6.0220D-30 0.0463  1898.4502  66   7      24
        6325.287774  7.8050D-30 0.0474  1816.1005  66   7      25
        6325.493218  9.3490D-30 0.0487  1745.0833  66   7      26
        6325.664781  1.0250D-29 0.0500  1685.4100  66   7      27
        6325.802991  1.0090D-29 0.0514  1637.0905  66   7      28
        6325.908274  8.5710D-30 0.0530  1600.1329  66   7      29
        6325.980956  5.5150D-30 0.0558  1574.5428  66   7      30
        6326.637381  1.2220D-30 0.0447  1990.2542  66   7      31
        6326.931871  1.7290D-30 0.0463  1896.5662  66   7      32
        6327.154919  1.3370D-30 0.0463  1896.3431  66   7      33
        6327.191937  2.2860D-30 0.0474  1814.1963  66   7      34
        6327.375322  1.7010D-30 0.0474  1814.0129  66   7      35
        6327.418775  2.8120D-30 0.0487  1743.1576  66   7      36
        6327.560427  1.9860D-30 0.0487  1743.0160  66   7      37
        6327.613910  3.2010D-30 0.0500  1683.4608  66   7      38
        6327.710404  2.1000D-30 0.0500  1683.3643  66   7      39
        6327.779876  3.3420D-30 0.0514  1635.1136  66   7      40
        6327.824883  1.9570D-30 0.0514  1635.0686  66   7      41
        6327.902284  1.5120D-30 0.0530  1598.1388  66   7      42
        6327.922696  3.1450D-30 0.0530  1598.1184  66   7      43
        6328.066586  2.5450D-30 0.0558  1572.4573  66   7      44
        6331.692454  6.0670D-30 0.0599  1560.3250  66   7      45
        6333.577570  2.0400D-30 0.0599  1558.4398  66   7      46
        6337.322362  7.0650D-30 0.0549  1574.5428  66   7      47
        6339.278743  4.2770D-30 0.0549  1572.5865  66   7      48
        6342.084052  4.0690D-30 0.0599  1558.4398  66   7      49
        6342.917933  7.7500D-30 0.0519  1600.1329  66   7      50
        6344.911944  5.5860D-30 0.0519  1598.1388  66   7      51
        6348.477965  7.7920D-30 0.0508  1637.0905  66   7      52
        6350.499857  6.1170D-30 0.0508  1635.0686  66   7      53
        6353.454582  4.4160D-30 0.0549  1572.5865  66   7      54
        6354.001150  7.2160D-30 0.0496  1685.4100  66   7      55
        6356.046774  5.9600D-30 0.0496  1683.3643  66   7      56
        6359.486084  6.1930D-30 0.0482  1745.0833  66   7      57
        6361.553294  5.2900D-30 0.0482  1743.0160  66   7      58
        6364.754690  4.6120D-30 0.0519  1598.1388  66   7      59
        6364.931258  4.9480D-30 0.0470  1816.1005  66   7      60
        6367.018806  4.3290D-30 0.0470  1814.0129  66   7      61
        6370.335063  3.6930D-30 0.0458  1898.4502  66   7      62
        6372.442162  3.2900D-30 0.0458  1896.3431  66   7      63
        6375.695785  2.5810D-30 0.0441  1992.1189  66   7      64
        6376.006082  4.4870D-30 0.0508  1635.0686  66   7      65
        6377.821912  2.3320D-30 0.0441  1989.9928  66   7      66
        6381.011608  1.6930D-30 0.0429  2097.0913  66   7      67
        6383.156398  1.5470D-30 0.0429  2094.9465  66   7      68
        6387.212071  4.0590D-30 0.0496  1683.3643  66   7      69
        6398.372276  3.4230D-30 0.0482  1743.0160  66   7      70
        6409.485107  2.6970D-30 0.0470  1814.0129  66   7      71
        6420.548437  1.9900D-30 0.0458  1896.3431  66   7      72
        6431.559836  1.3780D-30 0.0441  1989.9928  66   7      73
        7664.726516  2.8210D-29 0.0341  1803.1765  66   7      74
        7678.636134  6.8400D-29 0.0347  1606.3500  66   7      75
        7692.404553  1.5630D-28 0.0356  1420.7642  66   7      76
        7706.031539  3.3620D-28 0.0365  1246.4493  66   7      77
        7719.516751  6.8020D-28 0.0378  1083.4335  66   7      78
        7732.859736  1.2920D-27 0.0397   931.7433  66   7      79
        7746.059944  2.3030D-27 0.0410   791.4032  66   7      80
        7750.124105  2.2150D-29 0.0335  2012.8956  66   7      81
        7751.807746  2.3570D-29 0.0335  2011.2119  66   7      82
        7758.636425  5.7190D-29 0.0341  1804.8773  66   7      83
        7759.116724  3.8390D-27 0.0425   662.4359  66   7      84
        7760.337195  6.1030D-29 0.0341  1803.1765  66   7      85
        7766.990931  1.3930D-28 0.0347  1608.0680  66   7      86
        7768.708899  1.4910D-28 0.0347  1606.3500  66   7      87
        7772.029341  5.9720D-27 0.0440   544.8622  66   7      88
        7775.188471  3.1980D-28 0.0356  1422.4995  66   7      89
        7776.923720  3.4380D-28 0.0356  1420.7642  66   7      90
        7779.572583  1.4990D-29 0.0440   515.3210  68   7      91
        7783.229781  6.9170D-28 0.0365  1248.2019  66   7      92
        7784.796986  8.6320D-27 0.0454   438.7010  66   7      93
        7784.982408  7.4700D-28 0.0365  1246.4493  66   7      94
        7785.620457  1.7930D-29 0.0447   463.8324  68   7      95
        7791.115476  1.4080D-27 0.0378  1085.2037  66   7      96
        7791.633829  2.1060D-29 0.0454   415.0416  68   7      97
        7792.885598  1.5290D-27 0.0378  1083.4335  66   7      98
        7797.418802  1.1530D-26 0.0468   343.9694  66   7      99
        7797.612604  2.4270D-29 0.0461   368.9505  68   7     100
        7798.846060  2.6930D-27 0.0397   933.5311  66   7     101
        7800.633823  2.9420D-27 0.0397   931.7433  66   7     102
        7803.556686  2.7420D-29 0.0468   325.5608  68   7     103
        7806.421926  4.8370D-27 0.0410   793.2088  66   7     104
        7808.227509  5.6790D-27 0.0410   791.4032  66   7     105
        7809.465980  3.0320D-29 0.0473   284.8742  68   7     106
        7809.893935  1.4470D-26 0.0477   260.6825  66   7     107
        7813.843354  8.5300D-27 0.0425   664.2595  66   7     108
        7815.340398  3.2770D-29 0.0477   246.8922  68   7     109
        7815.474503  1.6680D-29 0.0417   687.7770  68   7     110
        7815.666988  9.3260D-27 0.0425   662.4359  66   7     111
        7817.297412  1.8420D-29 0.0417   685.9541  68   7     112
        7818.961566  2.1100D-29 0.0425   628.2155  68   7     113
        7820.792976  2.3400D-29 0.0425   626.3840  68   7     114
        7821.110517  1.2310D-26 0.0440   546.7042  66   7     115
        7821.179858  3.4540D-29 0.0485   211.6162  68   7     116
        7822.221631  1.5250D-26 0.0492   188.8531  66   7     117
        7822.412146  2.6260D-29 0.0432   571.3456  68   7     118
        7822.952504  1.6130D-26 0.0440   544.8622  66   7     119
        7824.252123  2.9270D-29 0.0432   569.5056  68   7     120
        7825.826255  3.2160D-29 0.0440   517.1697  68   7     121
        7826.984297  3.5410D-29 0.0492   179.0474  68   7     122
        7827.674875  3.6040D-29 0.0440   515.3210  68   7     123
        7828.223481  1.8770D-26 0.0454   440.5618  66   7     124
        7829.203898  3.8720D-29 0.0447   465.6897  68   7     125
        7830.084229  2.2210D-26 0.0454   438.7010  66   7     126
        7831.061249  4.3650D-29 0.0447   463.8324  68   7     127
        7832.545076  4.5810D-29 0.0454   416.9078  68   7     128
        7832.753677  3.5140D-29 0.0498   149.1870  68   7     129
        7834.401480  1.5470D-26 0.0505   128.4921  66   7     130
        7834.411262  5.1980D-29 0.0454   415.0416  68   7     131
        7835.182206  2.4530D-26 0.0468   345.8495  66   7     132
        7835.849783  5.3240D-29 0.0461   370.8256  68   7     133
        7837.062287  3.0830D-26 0.0468   343.9694  66   7     134
        7837.724927  6.0860D-29 0.0461   368.9505  68   7     135
        7838.488009  3.3560D-29 0.0505   122.0360  68   7     136
        7839.118008  6.0720D-29 0.0468   327.4451  68   7     137
        7841.002258  7.0000D-29 0.0468   325.5608  68   7     138
        7841.986547  3.1160D-26 0.0477   262.5827  66   7     139
        7842.349732  6.7900D-29 0.0473   286.7678  68   7     140
        7843.886802  3.9780D-26 0.0477   260.6825  66   7     141
        7844.187389  3.0550D-29 0.0512    97.5950  68   7     142
        7844.243270  7.9030D-29 0.0473   284.8742  68   7     143
        7845.544934  7.4350D-29 0.0477   248.7953  68   7     144
        7846.434112  1.3150D-26 0.0519    79.6070  66   7     145
        7847.447982  8.7510D-29 0.0477   246.8922  68   7     146
        7848.636255  3.6020D-26 0.0492   190.7748  66   7     147
        7848.703584  7.9610D-29 0.0485   213.5291  68   7     148
        7849.852063  2.6080D-29 0.0519    75.8647  68   7     149
        7850.558000  4.7180D-26 0.0492   188.8531  66   7     150
        7850.616424  9.4920D-29 0.0485   211.6162  68   7     151
        7850.834250  1.7230D-29 0.0328  2232.0889  66   7     152
        7851.825648  8.3180D-29 0.0492   180.9704  68   7     153
        7853.748641  1.0070D-28 0.0492   179.0474  68   7     154
        7854.010781  4.7430D-29 0.0335  2012.8956  66   7     155
        7854.911086  8.4560D-29 0.0498   151.1206  68   7     156
        7855.130979  3.6790D-26 0.0505   130.4375  66   7     157
        7855.482574  2.0260D-29 0.0530    56.8452  68   7     158
        7856.844705  1.0430D-28 0.0498   149.1870  68   7     159
        7857.010415  1.2330D-28 0.0341  1804.8773  66   7     160
        7857.076454  4.9940D-26 0.0505   128.4921  66   7     161
        7857.959851  8.3310D-29 0.0505   123.9808  68   7     162
        7858.323750  6.5630D-27 0.0542    42.2001  66   7     163
        7858.711185  3.2880D-29 0.0341  1803.1765  66   7     164
        7859.293025  2.9450D-29 0.0341  1802.5947  66   7     165
        7859.835101  3.0260D-28 0.0347  1608.0680  66   7     166
        7859.904737  1.0510D-28 0.0505   122.0360  68   7     167
        7860.971892  7.9100D-29 0.0512    99.5521  68   7     168
        7861.470266  3.0940D-26 0.0519    81.5805  66   7     169
        7861.553069  8.0970D-29 0.0347  1606.3500  66   7     170
        7862.100028  7.2030D-29 0.0347  1605.8030  66   7     171
        7862.486669  7.0060D-28 0.0356  1422.4995  66   7     172
        7862.928940  1.0260D-28 0.0512    97.5950  68   7     173
        7863.443772  4.7840D-26 0.0519    79.6070  66   7     174
        7863.947151  7.1710D-29 0.0519    77.8353  68   7     175
        7864.221918  1.8820D-28 0.0356  1420.7642  66   7     176
        7864.733875  1.6620D-28 0.0356  1420.2523  66   7     177
        7864.966829  1.5300D-27 0.0365  1248.2019  66   7     178
        7865.917672  9.6480D-29 0.0519    75.8647  68   7     179
        7866.719456  4.1260D-28 0.0365  1246.4493  66   7     180
        7866.885564  6.1120D-29 0.0530    58.8312  68   7     181
        7867.196265  3.6110D-28 0.0365  1245.9725  66   7     182
        7867.277179  3.1460D-27 0.0376  1085.2037  66   7     183
        7867.653563  2.0990D-26 0.0542    44.2117  66   7     184
        7868.871585  8.6360D-29 0.0530    56.8452  68   7     185
        7869.047301  8.5300D-28 0.0376  1083.4335  66   7     186
        7869.419199  6.0910D-27 0.0390   933.5311  66   7     187
        7869.488777  7.3900D-28 0.0376  1082.9921  66   7     188
        7869.665156  3.2830D-26 0.0542    42.2001  66   7     189
        7869.787064  4.7600D-29 0.0542    42.5407  68   7     190
        7871.206962  1.6610D-27 0.0390   931.7433  66   7     191
        7871.394261  1.1090D-26 0.0407   793.2088  66   7     192
        7871.465729  1.6990D-29 0.0390   882.5890  68   7     193
        7871.612875  1.4230D-27 0.0390   931.3374  66   7     194
        7871.791968  7.2060D-29 0.0542    40.5358  68   7     195
        7872.416952  2.2660D-29 0.0398   814.9663  68   7     196
        7872.651574  3.1760D-29 0.0555    28.9644  68   7     197
        7873.199844  3.0460D-27 0.0407   791.4032  66   7     198
        7873.203625  2.2430D-26 0.0420   664.2595  66   7     199
        7873.328997  2.9790D-29 0.0407   750.0281  68   7     200
        7873.569901  2.5730D-27 0.0407   791.0332  66   7     201
        7873.680213  6.8210D-27 0.0568    18.3372  66   7     202
        7874.202002  3.8580D-29 0.0414   687.7770  68   7     203
        7874.681682  5.3420D-29 0.0555    26.9343  68   7     204
        7874.848441  3.0430D-26 0.0435   546.7042  66   7     205
        7875.027259  5.2510D-27 0.0420   662.4359  66   7     206
        7875.036100  4.9210D-29 0.0420   628.2155  68   7     207
        7875.361080  4.3660D-27 0.0420   662.1021  66   7     208
        7875.479014  1.4870D-29 0.0568    18.1026  68   7     209
        7875.764530  1.3770D-26 0.0568    16.2529  66   7     210
        7875.831418  6.1820D-29 0.0427   571.3456  68   7     211
        7876.329756  4.3090D-26 0.0447   440.5618  66   7     212
        7876.588076  7.6470D-29 0.0435   517.1697  68   7     213
        7876.690428  7.2590D-27 0.0435   544.8622  66   7     214
        7876.987513  6.9370D-27 0.0435   544.5651  66   7     215
        7877.306190  9.3100D-29 0.0441   465.6897  68   7     216
        7877.548392  3.0020D-29 0.0568    16.0333  68   7     217
        7877.648507  6.3420D-26 0.0463   345.8495  66   7     218
        7877.671395  1.7200D-29 0.0427   569.5056  68   7     219
        7877.985869  1.1150D-28 0.0447   416.9078  68   7     220
        7878.190503  1.2380D-26 0.0447   438.7010  66   7     221
        7878.436696  2.1380D-29 0.0435   515.3210  68   7     222
        7878.450173  8.9060D-27 0.0447   438.4414  66   7     223
        7878.627217  1.3140D-28 0.0455   370.8256  68   7     224
        7878.719593  1.7430D-29 0.0435   515.0382  68   7     225
        7878.805529  9.8900D-26 0.0474   262.5827  66   7     226
        7879.163541  2.6180D-29 0.0441   463.8324  68   7     227
        7879.230331  1.5230D-28 0.0463   327.4451  68   7     228
        7879.428994  2.1110D-29 0.0441   463.5669  68   7     229
        7879.528587  1.8370D-26 0.0463   343.9694  66   7     230
        7879.749893  1.4200D-26 0.0463   343.7481  66   7     231
        7879.795305  1.7340D-28 0.0469   286.7678  68   7     232
        7879.801552  1.0010D-25 0.0487   190.7748  66   7     233
        7879.852055  3.1560D-29 0.0447   415.0416  68   7     234
        7880.099892  2.5140D-29 0.0447   414.7937  68   7     235
        7880.322224  1.9380D-28 0.0474   248.7953  68   7     236
        7880.502361  3.7450D-29 0.0455   368.9505  68   7     237
        7880.637204  1.1000D-25 0.0500   130.4375  66   7     238
        7880.705784  2.4380D-26 0.0474   260.6825  66   7     239
        7880.732378  2.9420D-29 0.0455   368.7205  68   7     240
        7880.811169  2.1260D-28 0.0480   213.5291  68   7     241
        7880.887343  1.8140D-26 0.0474   260.5009  66   7     242
        7881.114582  4.3740D-29 0.0463   325.5608  68   7     243
        7881.262214  2.2860D-28 0.0487   180.9704  68   7     244
        7881.313013  1.0860D-25 0.0514    81.5805  66   7     245
        7881.326534  3.3820D-29 0.0463   325.3489  68   7     246
        7881.675430  2.4050D-28 0.0493   151.1206  68   7     247
        7881.688842  5.0250D-29 0.0469   284.8742  68   7     248
        7881.723297  3.0100D-26 0.0487   188.8531  66   7     249
        7881.829402  9.2430D-26 0.0530    44.2117  66   7     250
        7881.862983  2.1260D-26 0.0487   188.7134  66   7     251
        7881.882433  3.8160D-29 0.0469   284.6807  68   7     252
        7882.050879  2.4720D-28 0.0500   123.9808  68   7     253
        7882.186696  5.9560D-26 0.0558    18.3372  66   7     254
        7882.225272  5.6770D-29 0.0474   246.8922  68   7     255
        7882.388619  2.4770D-28 0.0507    99.5521  68   7     256
        7882.400137  4.2240D-29 0.0474   246.7174  68   7     257
        7882.582679  3.4370D-26 0.0500   128.4921  66   7     258
        7882.676968  2.2550D-26 0.0500   128.3978  66   7     259
        7882.688702  2.4090D-28 0.0514    77.8353  68   7     260
        7882.724009  6.3040D-29 0.0480   211.6162  68   7     261
        7882.879693  4.5790D-29 0.0480   211.4605  68   7     262
        7882.951173  2.2610D-28 0.0522    58.8312  68   7     263
        7883.176074  2.0290D-28 0.0530    42.5407  68   7     264
        7883.185207  6.8750D-29 0.0487   179.0474  68   7     265
        7883.286518  3.5970D-26 0.0514    79.6070  66   7     266
        7883.321133  4.8560D-29 0.0487   178.9115  68   7     267
        7883.328900  2.1070D-26 0.0514    79.5646  66   7     268
        7883.363439  1.7100D-28 0.0544    28.9644  68   7     269
        7883.513296  1.2980D-28 0.0558    18.1026  68   7     270
        7883.609049  7.3590D-29 0.0493   149.1870  68   7     271
        7883.724470  5.0270D-29 0.0493   149.0716  68   7     272
        7883.817143  1.6310D-26 0.0530    42.2240  66   7     273
        7883.840995  3.3930D-26 0.0530    42.2001  66   7     274
        7883.995765  7.7230D-29 0.0500   122.0360  68   7     275
        7884.089686  5.0660D-29 0.0500   121.9420  68   7     276
        7884.136264  8.5840D-27 0.0558    16.3876  66   7     277
        7884.271013  2.7490D-26 0.0558    16.2529  66   7     278
        7884.345667  7.9380D-29 0.0507    97.5950  68   7     279
        7884.416727  4.9530D-29 0.0507    97.5240  68   7     280
        7884.659223  7.9770D-29 0.0514    75.8647  68   7     281
        7884.705478  4.6710D-29 0.0514    75.8185  68   7     282
        7884.937194  7.8190D-29 0.0522    56.8452  68   7     283
        7884.955728  4.2130D-29 0.0522    56.8267  68   7     284
        7885.167105  3.5800D-29 0.0530    40.5497  68   7     285
        7885.180979  7.4480D-29 0.0530    40.5358  68   7     286
        7885.338927  2.7890D-29 0.0544    26.9889  68   7     287
        7885.393547  6.8500D-29 0.0544    26.9343  68   7     288
        7885.469863  1.8720D-29 0.0558    16.1461  68   7     289
        7885.582673  5.9920D-29 0.0558    16.0333  68   7     290
        7888.056313  6.5690D-26 0.0599     3.9611  66   7     291
        7889.056944  1.4250D-28 0.0599     4.5247  68   7     292
        7889.933104  1.7520D-26 0.0599     2.0843  66   7     293
        7890.948988  4.7900D-29 0.0599     2.6327  68   7     294
        7891.659950  1.5410D-28 0.0573     9.9560  68   7     295
        7893.528102  7.5890D-26 0.0549    18.3372  66   7     296
        7893.581655  9.6970D-29 0.0599    -0.9999  68   7     297
        7893.591285  7.7720D-29 0.0573     8.0247  68   7     298
        7894.225160  1.6650D-28 0.0549    18.1026  68   7     299
        7895.477670  4.6230D-26 0.0549    16.3876  66   7     300
        7896.181728  1.0080D-28 0.0549    16.1461  68   7     301
        7896.752449  1.7670D-28 0.0533    28.9644  68   7     302
        7898.439587  4.4020D-26 0.0599     2.0843  66   7     303
        7898.727938  1.1890D-28 0.0533    26.9889  68   7     304
        7898.839061  8.3670D-26 0.0519    44.2117  66   7     305
        7898.983270  9.5600D-29 0.0599     2.6327  68   7     306
        7899.241683  1.8370D-28 0.0519    42.5407  68   7     307
        7900.826802  5.5210D-26 0.0519    42.2240  66   7     308
        7901.232714  1.3240D-28 0.0519    40.5497  68   7     309
        7901.692724  1.8690D-28 0.0513    58.8312  68   7     310
        7903.697279  1.4150D-28 0.0513    56.8267  68   7     311
        7903.987987  8.3960D-26 0.0508    81.5805  66   7     312
        7904.105429  1.8630D-28 0.0508    77.8353  68   7     313
        7904.303150  9.9650D-29 0.0573     8.0247  68   7     314
        7906.003874  6.1120D-26 0.0508    79.5646  66   7     315
        7906.122205  1.4630D-28 0.0508    75.8185  68   7     316
        7906.479647  1.8200D-28 0.0502    99.5521  68   7     317
        7908.507755  1.4700D-28 0.0502    97.5240  68   7     318
        7908.815223  1.7450D-28 0.0496   123.9808  68   7     319
        7908.973574  7.7830D-26 0.0496   130.4375  66   7     320
        7909.570739  1.0420D-28 0.0549    16.1461  68   7     321
        7909.653509  3.9470D-26 0.0549    16.3876  66   7     322
        7910.854030  1.4410D-28 0.0496   121.9420  68   7     323
        7911.013337  6.0030D-26 0.0496   128.3978  66   7     324
        7911.111996  1.6420D-28 0.0489   151.1206  68   7     325
        7913.161036  1.3810D-28 0.0489   149.0716  68   7     326
        7913.369799  1.5180D-28 0.0482   180.9704  68   7     327
        7913.794418  6.6300D-26 0.0482   190.7748  66   7     328
        7914.793547  1.0770D-28 0.0533    26.9889  68   7     329
        7915.428717  1.2970D-28 0.0482   178.9115  68   7     330
        7915.588458  1.3790D-28 0.0476   213.5291  68   7     331
        7915.855850  5.2850D-26 0.0482   188.7134  66   7     332
        7917.656982  1.1940D-28 0.0476   211.4605  68   7     333
        7917.767796  1.2330D-28 0.0470   248.7953  68   7     334
        7918.449013  5.3520D-26 0.0470   262.5827  66   7     335
        7919.845709  1.0780D-28 0.0470   246.7174  68   7     336
        7919.907628  1.0830D-28 0.0464   286.7678  68   7     337
        7919.974266  1.0950D-28 0.0519    40.5497  68   7     338
        7920.530827  4.6300D-26 0.0470   260.5009  66   7     339
        7920.669549  4.9860D-26 0.0519    42.2240  66   7     340
        7921.994757  9.5710D-29 0.0464   284.6807  68   7     341
        7922.007765  9.3720D-29 0.0458   327.4451  68   7     342
        7922.935750  4.0790D-26 0.0458   345.8495  66   7     343
        7924.068009  7.9800D-29 0.0450   370.8256  68   7     344
        7924.103968  8.3490D-29 0.0458   325.3489  68   7     345
        7925.037137  3.4100D-26 0.0458   343.7481  66   7     346
        7925.114007  1.0950D-28 0.0513    56.8267  68   7     347
        7926.088160  6.6900D-29 0.0441   416.9078  68   7     348
        7926.173171  7.1620D-29 0.0450   368.7205  68   7     349
        7927.252919  2.7320D-26 0.0441   440.5618  66   7     350
        7928.068011  5.5240D-29 0.0435   465.6897  68   7     351
        7928.202184  6.0440D-29 0.0441   414.7937  68   7     352
        7929.373337  2.3580D-26 0.0441   438.4414  66   7     353
        7930.007348  4.4920D-29 0.0429   517.1697  68   7     354
        7930.190816  5.0200D-29 0.0435   463.5669  68   7     355
        7930.213233  1.0750D-28 0.0508    75.8185  68   7     356
        7931.398705  1.7860D-26 0.0429   546.7042  66   7     357
        7931.510099  4.8450D-26 0.0508    79.5646  66   7     358
        7931.905952  3.5990D-29 0.0421   571.3456  68   7     359
        7932.138865  4.1040D-29 0.0429   515.0382  68   7     360
        7933.537777  1.6350D-26 0.0429   544.5651  66   7     361
        7933.763599  2.8410D-29 0.0414   628.2155  68   7     362
        7934.046124  3.3040D-29 0.0421   569.2054  68   7     363
        7935.272099  1.0370D-28 0.0502    97.5240  68   7     364
        7935.371190  1.0940D-26 0.0414   664.2595  66   7     365
        7935.580058  2.2110D-29 0.0410   687.7770  68   7     366
        7935.912376  2.6200D-29 0.0414   626.0667  68   7     367
        7937.355094  1.6950D-29 0.0405   750.0281  68   7     368
        7937.528645  1.0100D-26 0.0414   662.1021  66   7     369
        7937.737398  2.0470D-29 0.0410   685.6197  68   7     370
        7939.168348  6.3050D-27 0.0405   793.2088  66   7     371
        7939.520959  1.5750D-29 0.0405   747.8622  68   7     372
        7940.290596  9.8390D-29 0.0496   121.9420  68   7     373
        7941.343988  5.8590D-27 0.0405   791.0332  66   7     374
        7942.178634  4.1840D-26 0.0496   128.3978  66   7     375
        7942.788047  3.4190D-27 0.0384   933.5311  66   7     376
        7944.981723  3.1980D-27 0.0384   931.3374  66   7     377
        7945.268620  9.1740D-29 0.0489   149.0716  68   7     378
        7946.228047  1.7470D-27 0.0373  1085.2037  66   7     379
        7948.439645  1.6430D-27 0.0373  1082.9921  66   7     380
        7949.485997  8.4100D-28 0.0365  1248.2019  66   7     381
        7950.206007  8.4130D-29 0.0482   178.9115  68   7     382
        7951.715432  7.9490D-28 0.0365  1245.9725  66   7     383
        7952.559433  3.8190D-28 0.0356  1422.4995  66   7     384
        7952.674832  3.5730D-26 0.0482   188.7134  66   7     385
        7954.806640  3.6250D-28 0.0356  1420.2523  66   7     386
        7955.102554  7.5910D-29 0.0476   211.4605  68   7     387
        7955.445781  1.6370D-28 0.0347  1608.0680  66   7     388
        7957.710708  1.5590D-28 0.0347  1605.8030  66   7     389
        7958.142346  6.6230D-29 0.0341  1804.8773  66   7     390
        7959.958033  6.7400D-29 0.0470   246.7174  68   7     391
        7960.424957  6.3300D-29 0.0341  1802.5947  66   7     392
        7960.646320  2.5310D-29 0.0335  2012.8956  66   7     393
        7962.946586  2.4270D-29 0.0335  2010.5953  66   7     394
        7962.997128  2.9330D-26 0.0470   260.5009  66   7     395
        7964.772190  5.8910D-29 0.0464   284.6807  68   7     396
        7969.544760  5.0690D-29 0.0458   325.3489  68   7     397
        7973.143411  2.1180D-26 0.0458   343.7481  66   7     398
        7974.275462  4.2960D-29 0.0450   368.7205  68   7     399
        7978.964005  3.5860D-29 0.0441   414.7937  68   7     400
        7983.111261  1.5110D-26 0.0441   438.4414  66   7     401
        7983.610088  2.9490D-29 0.0435   463.5669  68   7     402
        7988.213400  2.3900D-29 0.0429   515.0382  68   7     403
        7992.773623  1.9080D-29 0.0421   569.2054  68   7     404
        7992.898048  8.9490D-27 0.0429   544.5651  66   7     405
        7997.290433  1.5020D-29 0.0414   626.0667  68   7     406
        8002.500980  5.7780D-27 0.0414   662.1021  66   7     407
        8011.917127  3.3100D-27 0.0405   791.0332  66   7     408
        8021.143426  1.7850D-27 0.0384   931.3374  66   7     409
        8030.176694  9.0780D-28 0.0373  1082.9921  66   7     410
        8039.013629  4.3520D-28 0.0365  1245.9725  66   7     411
        8047.650810  1.9690D-28 0.0356  1420.2523  66   7     412
        8056.084697  8.4060D-29 0.0347  1605.8030  66   7     413
        8064.311633  3.3900D-29 0.0341  1802.5947  66   7     414
        9250.242678  2.4240D-29 0.0440   544.8622  66   7     415
        9264.140702  3.5050D-29 0.0454   438.7010  66   7     416
        9277.755708  4.6820D-29 0.0468   343.9694  66   7     417
        9281.208625  1.9680D-29 0.0410   793.2088  66   7     418
        9283.014208  2.1650D-29 0.0410   791.4032  66   7     419
        9290.103751  3.3110D-29 0.0425   664.2595  66   7     420
        9291.086907  5.7240D-29 0.0477   260.6825  66   7     421
        9291.927385  3.6730D-29 0.0425   662.4359  66   7     422
        9298.707216  5.2090D-29 0.0440   546.7042  66   7     423
        9300.549203  5.8370D-29 0.0440   544.8622  66   7     424
        9304.133604  6.3060D-29 0.0492   188.8531  66   7     425
        9307.019175  7.6350D-29 0.0454   440.5618  66   7     426
        9308.879923  8.6640D-29 0.0454   438.7010  66   7     427
        9315.039670  1.0380D-28 0.0468   345.8495  66   7     428
        9316.895440  6.0770D-29 0.0505   128.4921  66   7     429
        9316.919750  1.1970D-28 0.0468   343.9694  66   7     430
        9322.768627  1.3000D-28 0.0477   262.5827  66   7     431
        9324.668881  1.5300D-28 0.0477   260.6825  66   7     432
        9329.373082  4.7860D-29 0.0519    79.6070  66   7     433
        9330.205860  1.4830D-28 0.0492   190.7748  66   7     434
        9332.127605  1.7950D-28 0.0492   188.8531  66   7     435
        9337.351071  1.5090D-28 0.0505   130.4375  66   7     436
        9339.296546  1.9040D-28 0.0505   128.4921  66   7     437
        9341.570785  2.4810D-29 0.0542    42.2001  66   7     438
        9341.737437  2.4850D-29 0.0390   933.5311  66   7     439
        9344.203851  1.3160D-28 0.0519    81.5805  66   7     440
        9345.392502  4.5240D-29 0.0407   793.2088  66   7     441
        9346.177357  1.7710D-28 0.0519    79.6070  66   7     442
        9348.744315  7.7360D-29 0.0420   664.2595  66   7     443
        9350.567949  2.1420D-29 0.0420   662.4359  66   7     444
        9350.763682  8.8280D-29 0.0542    44.2117  66   7     445
        9350.901771  1.7810D-29 0.0420   662.1021  66   7     446
        9351.794132  1.2400D-28 0.0435   546.7042  66   7     447
        9352.775275  1.3370D-28 0.0542    42.2001  66   7     448
        9353.636119  3.4680D-29 0.0435   544.8622  66   7     449
        9353.933204  2.8280D-29 0.0435   544.5651  66   7     450
        9354.543093  1.8610D-28 0.0447   440.5618  66   7     451
        9356.403841  5.2670D-29 0.0447   438.7010  66   7     452
        9356.663511  4.1950D-29 0.0447   438.4414  66   7     453
        9356.992224  2.6060D-28 0.0463   345.8495  66   7     454
        9357.029933  2.7770D-29 0.0568    18.3372  66   7     455
        9358.872304  7.4870D-29 0.0463   343.9694  66   7     456
        9359.093610  5.7890D-29 0.0463   343.7481  66   7     457
        9359.114250  5.6080D-29 0.0568    16.2529  66   7     458
        9359.142434  3.3920D-28 0.0474   262.5827  66   7     459
        9360.994524  4.0780D-28 0.0487   190.7748  66   7     460
        9361.042689  9.9370D-29 0.0474   260.6825  66   7     461
        9361.224249  7.3920D-29 0.0474   260.5009  66   7     462
        9362.549178  4.4830D-28 0.0500   130.4375  66   7     463
        9362.916269  1.2270D-28 0.0487   188.8531  66   7     464
        9363.055955  8.6630D-29 0.0487   188.7134  66   7     465
        9363.806972  4.4240D-28 0.0514    81.5805  66   7     466
        9364.494653  1.4000D-28 0.0500   128.4921  66   7     467
        9364.588941  9.1870D-29 0.0500   128.3978  66   7     468
        9364.768372  3.7650D-28 0.0530    44.2117  66   7     469
        9365.433731  2.4260D-28 0.0558    18.3372  66   7     470
        9365.780478  1.4650D-28 0.0514    79.6070  66   7     471
        9365.822860  8.5820D-29 0.0514    79.5646  66   7     472
        9366.756113  6.6440D-29 0.0530    42.2240  66   7     473
        9366.779965  1.3820D-28 0.0530    42.2001  66   7     474
        9367.383299  3.4970D-29 0.0558    16.3876  66   7     475
        9367.518048  1.1200D-28 0.0558    16.2529  66   7     476
        9371.406033  2.6720D-28 0.0599     3.9611  66   7     477
        9373.282824  8.9850D-29 0.0599     2.0843  66   7     478
        9376.638221  3.1110D-28 0.0549    18.3372  66   7     479
        9378.587790  1.8840D-28 0.0549    16.3876  66   7     480
        9381.572646  3.4110D-28 0.0519    44.2117  66   7     481
        9381.686622  1.7940D-28 0.0599     2.0843  66   7     482
        9383.560388  2.4590D-28 0.0519    42.2240  66   7     483
        9386.208079  3.4250D-28 0.0508    81.5805  66   7     484
        9388.223966  2.6890D-28 0.0508    79.5646  66   7     485
        9390.543179  3.1660D-28 0.0496   130.4375  66   7     486
        9392.582942  2.6150D-28 0.0496   128.3978  66   7     487
        9392.592479  1.9480D-28 0.0549    16.3876  66   7     488
        9394.576498  2.7110D-28 0.0482   190.7748  66   7     489
        9396.637929  2.3160D-28 0.0482   188.7134  66   7     490
        9398.306477  2.1600D-28 0.0470   262.5827  66   7     491
        9400.388291  1.8900D-28 0.0470   260.5009  66   7     492
        9401.731444  1.6060D-28 0.0458   345.8495  66   7     493
        9403.163509  2.0340D-28 0.0519    42.2240  66   7     494
        9403.832830  1.4310D-28 0.0458   343.7481  66   7     495
        9404.849618  1.1180D-28 0.0441   440.5618  66   7     496
        9406.970035  1.0100D-28 0.0441   438.4414  66   7     497
        9407.659103  7.2990D-29 0.0429   546.7042  66   7     498
        9409.798174  6.6700D-29 0.0429   544.5651  66   7     499
        9410.157889  4.4750D-29 0.0414   664.2595  66   7     500
        9412.315345  4.1270D-29 0.0414   662.1021  66   7     501
        9412.343853  2.5800D-29 0.0405   793.2088  66   7     502
        9413.422073  1.9780D-28 0.0508    79.5646  66   7     503
        9414.519493  2.3970D-29 0.0405   791.0332  66   7     504
        9423.371606  1.7870D-28 0.0496   128.3978  66   7     505
        9433.011737  1.5040D-28 0.0482   188.7134  66   7     506
        9442.340845  1.1820D-28 0.0470   260.5009  66   7     507
        9451.356748  8.7010D-29 0.0458   343.7481  66   7     508
        9460.056951  6.0030D-29 0.0441   438.4414  66   7     509
        9468.438738  3.8900D-29 0.0429   544.5651  66   7     510
        9476.499222  2.3690D-29 0.0414   662.1021  66   7     511
       11483.726930  2.9820D-29 0.0389  2340.8765  66   7     512
       11485.536630  2.8440D-29 0.0389  2339.0667  66   7     513
       11492.034530  5.0730D-29 0.0401  2213.3501  66   7     514
       11493.862230  4.8140D-29 0.0401  2211.5225  66   7     515
       11500.094150  8.1040D-29 0.0414  2097.0913  66   7     516
       11501.940150  7.6420D-29 0.0414  2095.2454  66   7     517
       11507.909880  1.2130D-28 0.0428  1992.1189  66   7     518
       11509.774580  1.1350D-28 0.0428  1990.2542  66   7     519
       11515.481620  1.6980D-28 0.0443  1898.4502  66   7     520
       11517.365620  1.5740D-28 0.0443  1896.5662  66   7     521
       11522.810000  2.2140D-28 0.0460  1816.1005  66   7     522
       11524.714200  2.0260D-28 0.0460  1814.1963  66   7     523
       11529.895560  2.6770D-28 0.0478  1745.0833  66   7     524
       11531.821160  2.4080D-28 0.0478  1743.1576  66   7     525
       11536.738420  2.9780D-28 0.0498  1685.4100  66   7     526
       11538.687620  2.6140D-28 0.0498  1683.4608  66   7     527
       11543.338820  3.0100D-28 0.0518  1637.0905  66   7     528
       11545.315620  2.5430D-28 0.0518  1635.1136  66   7     529
       11549.696300  2.6990D-28 0.0540  1600.1329  66   7     530
       11551.710800  2.1330D-28 0.0540  1598.1184  66   7     531
       11555.810860  2.0350D-28 0.0563  1574.5428  66   7     532
       11557.896460  1.3880D-28 0.0563  1572.4573  66   7     533
       11561.681750  1.0890D-28 0.0588  1560.3250  66   7     534
       11570.028860  5.4390D-29 0.0563  1560.3250  66   7     535
       11571.913960  1.2610D-28 0.0563  1558.4398  66   7     536
       11575.286300  1.5210D-28 0.0540  1574.5428  66   7     537
       11577.242700  2.2010D-28 0.0540  1572.5865  66   7     538
       11580.296420  2.2370D-28 0.0518  1600.1329  66   7     539
       11582.290520  2.8460D-28 0.0518  1598.1388  66   7     540
       11585.057920  2.6150D-28 0.0498  1637.0905  66   7     541
       11587.079820  3.1300D-28 0.0498  1635.0686  66   7     542
       11589.568760  2.6560D-28 0.0478  1685.4100  66   7     543
       11591.614460  3.0690D-28 0.0478  1683.3643  66   7     544
       11593.827300  2.4270D-28 0.0460  1745.0833  66   7     545
       11595.894500  2.7410D-28 0.0460  1743.0160  66   7     546
       11597.831320  2.0300D-28 0.0443  1816.1005  66   7     547
       11599.918920  2.2550D-28 0.0443  1814.0129  66   7     548
       11601.578580  1.5680D-28 0.0428  1898.4502  66   7     549
       11603.685680  1.7210D-28 0.0428  1896.3431  66   7     550
       11605.066550  1.1270D-28 0.0414  1992.1189  66   7     551
       11607.192650  1.2250D-28 0.0414  1989.9928  66   7     552
       11608.293330  7.5560D-29 0.0401  2097.0913  66   7     553
       11610.438130  8.1540D-29 0.0401  2094.9465  66   7     554
       11611.253230  4.7430D-29 0.0389  2213.3501  66   7     555
       11613.416430  5.0880D-29 0.0389  2211.1870  66   7     556
       11613.945950  2.7940D-29 0.0379  2340.8765  66   7     557
       11616.127350  2.9820D-29 0.0379  2338.6951  66   7     558
       12847.194105  5.0060D-29 0.0332  2790.8418  66   7     559
       12848.950804  4.8300D-29 0.0332  2789.0850  66   7     560
       12858.264258  1.0210D-28 0.0354  2629.6458  66   7     561
       12860.038452  9.8200D-29 0.0354  2627.8716  66   7     562
       12868.936256  1.9630D-28 0.0376  2479.6492  66   7     563
       12870.728089  1.8800D-28 0.0376  2477.8574  66   7     564
       12879.212043  3.5510D-28 0.0398  2340.8765  66   7     565
       12881.021691  3.3870D-28 0.0398  2339.0667  66   7     566
       12889.093328  6.0410D-28 0.0417  2213.3501  66   7     567
       12890.921017  5.7330D-28 0.0417  2211.5225  66   7     568
       12898.581590  9.6490D-28 0.0434  2097.0913  66   7     569
       12899.258247  4.2580D-29 0.0233  2956.3538  66   7     570
       12900.427615  9.1000D-28 0.0434  2095.2454  66   7     571
       12900.873847  4.1680D-29 0.0233  2954.7380  66   7     572
       12907.678081  1.4440D-27 0.0447  1992.1189  66   7     573
       12909.542840  1.3520D-27 0.0447  1990.2542  66   7     574
       12913.219503  1.3870D-28 0.0239  2703.8564  66   7     575
       12914.852103  1.3560D-28 0.0239  2702.2239  66   7     576
       12916.383824  2.0220D-27 0.0458  1898.4502  66   7     577
       12918.267875  1.8740D-27 0.0458  1896.5662  66   7     578
       12924.699617  2.6360D-27 0.0468  1816.1005  66   7     579
       12926.603780  2.4130D-27 0.0468  1814.1963  66   7     580
       12926.781705  4.2710D-28 0.0246  2462.4216  66   7     581
       12928.431205  4.1700D-28 0.0246  2460.7722  66   7     582
       12932.626032  3.1870D-27 0.0478  1745.0833  66   7     583
       12934.551588  2.8670D-27 0.0478  1743.1576  66   7     584
       12939.948188  1.2430D-27 0.0255  2232.0889  66   7     585
       12940.163416  3.5460D-27 0.0491  1685.4100  66   7     586
       12941.614788  1.2120D-27 0.0255  2230.4224  66   7     587
       12942.112545  3.1120D-27 0.0491  1683.4608  66   7     588
       12947.311895  3.5830D-27 0.0507  1637.0905  66   7     589
       12949.288780  3.0280D-27 0.0507  1635.1136  66   7     590
       12952.722506  3.4210D-27 0.0266  2012.8956  66   7     591
       12954.071370  3.2130D-27 0.0530  1600.1329  66   7     592
       12954.406206  3.3300D-27 0.0266  2011.2119  66   7     593
       12956.085793  2.5400D-27 0.0530  1598.1184  66   7     594
       12960.441521  2.4230D-27 0.0563  1574.5428  66   7     595
       12962.527152  1.6530D-27 0.0563  1572.4573  66   7     596
       12965.107830  8.8920D-27 0.0279  1804.8773  66   7     597
       12966.421806  1.2970D-27 0.0615  1560.3250  66   7     598
       12966.808630  8.6380D-27 0.0279  1803.1765  66   7     599
       12970.782200  4.8280D-30 0.0279  1752.6808  67   7     600
       12972.491300  4.6950D-30 0.0279  1750.9717  67   7     601
       12974.659503  6.4780D-28 0.0563  1560.3250  66   7     602
       12975.868067  2.7700D-29 0.0279  1705.8475  68   7     603
       12976.544618  1.5030D-27 0.0563  1558.4398  66   7     604
       12976.653500  7.4580D-30 0.0286  1655.7896  67   7     605
       12977.106853  2.1810D-26 0.0294  1608.0680  66   7     606
       12977.583867  2.6950D-29 0.0279  1704.1317  68   7     607
       12978.370900  7.2480D-30 0.0286  1654.0721  67   7     608
       12978.824853  2.1150D-26 0.0294  1606.3500  66   7     609
       12979.661297  1.8120D-27 0.0530  1574.5428  66   7     610
       12981.576307  4.2560D-29 0.0286  1611.5385  68   7     611
       12981.617678  2.6220D-27 0.0530  1572.5865  66   7     612
       12982.431100  1.1370D-29 0.0294  1561.6238  67   7     613
       12983.300207  4.1360D-29 0.0286  1609.8146  68   7     614
       12984.156900  1.1040D-29 0.0294  1559.8979  67   7     615
       12984.269584  2.6650D-27 0.0507  1600.1329  66   7     616
       12986.263595  3.3910D-27 0.0507  1598.1388  66   7     617
       12987.193954  6.4500D-29 0.0294  1519.8835  68   7     618
       12988.115500  1.7090D-29 0.0303  1470.1873  67   7     619
       12988.482825  3.1160D-27 0.0491  1637.0905  66   7     620
       12988.722392  5.0520D-26 0.0312  1422.4995  66   7     621
       12988.926054  6.2600D-29 0.0294  1518.1514  68   7     622
       12989.849600  1.6570D-29 0.0303  1468.4532  67   7     623
       12990.457692  4.8860D-26 0.0312  1420.7642  66   7     624
       12990.504718  3.7300D-27 0.0491  1635.0686  66   7     625
       12992.299261  3.1650D-27 0.0478  1685.4100  66   7     626
       12992.721321  9.6400D-29 0.0303  1430.8860  68   7     627
       12993.707000  2.5320D-29 0.0312  1381.4836  67   7     628
       12994.344885  3.6580D-27 0.0478  1683.3643  66   7     629
       12994.461521  9.3470D-29 0.0303  1429.1458  68   7     630
       12995.449500  2.4520D-29 0.0312  1379.7412  67   7     631
       12995.716909  2.8930D-27 0.0468  1745.0833  66   7     632
       12997.784119  3.2670D-27 0.0468  1743.0160  66   7     633
       12998.158606  1.4210D-28 0.0312  1344.5496  68   7     634
       12998.733564  2.4200D-27 0.0458  1816.1005  66   7     635
       12999.205900  3.7020D-29 0.0322  1295.5164  67   7     636
       12999.906906  1.3760D-28 0.0312  1342.8011  68   7     637
       12999.956887  1.1030D-25 0.0332  1248.2019  66   7     638
       13000.821111  2.6890D-27 0.0458  1814.0129  66   7     639
       13000.956800  3.5800D-29 0.0322  1293.7655  67   7     640
       13001.346797  1.8710D-27 0.0447  1898.4502  66   7     641
       13001.709487  1.0630D-25 0.0332  1246.4493  66   7     642
       13003.453896  2.0530D-27 0.0447  1896.3431  66   7     643
       13003.506189  2.0650D-28 0.0322  1260.8772  68   7     644
       13003.553955  1.3440D-27 0.0434  1992.1189  66   7     645
       13004.612300  5.3360D-29 0.0332  1212.2889  67   7     646
       13005.262689  1.9980D-28 0.0322  1259.1207  68   7     647
       13005.352162  9.0160D-28 0.0417  2097.0913  66   7     648
       13005.680082  1.4620D-27 0.0434  1989.9928  66   7     649
       13006.371600  5.1540D-29 0.0332  1210.5295  67   7     650
       13006.738312  5.6620D-28 0.0398  2213.3501  66   7     651
       13007.496952  9.7310D-28 0.0417  2094.9465  66   7     652
       13007.709074  3.3360D-28 0.0376  2340.8765  66   7     653
       13008.092279  4.7210D-29 0.0312  2790.8418  66   7     654
       13008.260888  1.8470D-28 0.0354  2479.6492  66   7     655
       13008.389964  9.6210D-29 0.0332  2629.6458  66   7     656
       13008.764134  2.9610D-28 0.0332  1179.8726  68   7     657
       13008.901504  6.0740D-28 0.0398  2211.1870  66   7     658
       13009.890476  3.5610D-28 0.0376  2338.6951  66   7     659
       13009.926700  7.5840D-29 0.0343  1131.8044  67   7     660
       13010.327585  4.9840D-29 0.0312  2788.6064  66   7     661
       13010.460357  1.9630D-28 0.0354  2477.4497  66   7     662
       13010.528834  2.8600D-28 0.0332  1178.1078  68   7     663
       13010.607392  1.0190D-28 0.0332  2627.4285  66   7     664
       13010.812307  2.2700D-25 0.0354  1085.2037  66   7     665
       13011.694600  7.3140D-29 0.0343  1130.0366  67   7     666
       13012.582507  2.1820D-25 0.0354  1083.4335  66   7     667
       13013.932887  4.1850D-28 0.0343  1101.5383  68   7     668
       13015.149200  1.0630D-28 0.0354  1054.0663  67   7     669
       13015.705787  4.0360D-28 0.0343  1099.7654  68   7     670
       13016.925600  1.0230D-28 0.0354  1052.2899  67   7     671
       13019.012480  5.8340D-28 0.0354  1025.8778  68   7     672
       13020.280100  1.4690D-28 0.0365   979.0773  67   7     673
       13020.793680  5.6170D-28 0.0354  1024.0966  68   7     674
       13021.290845  4.3990D-25 0.0376   933.5311  66   7     675
       13022.065000  1.4110D-28 0.0365   977.2924  67   7     676
       13023.078645  4.2120D-25 0.0376   931.7433  66   7     677
       13024.003327  8.0140D-28 0.0365   952.8937  68   7     678
       13025.319600  2.0000D-28 0.0376   906.8406  67   7     679
       13025.792727  7.7020D-28 0.0365   951.1043  68   7     680
       13027.113100  1.9180D-28 0.0376   905.0471  67   7     681
       13028.905427  1.0860D-27 0.0376   882.5890  68   7     682
       13030.267900  2.6820D-28 0.0387   837.3590  67   7     683
       13030.703127  1.0410D-27 0.0376   880.7913  68   7     684
       13031.394126  8.0180D-25 0.0398   793.2088  66   7     685
       13032.070000  2.5680D-28 0.0387   835.5569  67   7     686
       13033.199726  7.6450D-25 0.0398   791.4032  66   7     687
       13033.719063  1.4480D-27 0.0387   814.9663  68   7     688
       13035.125400  3.5480D-28 0.0398   770.6351  67   7     689
       13035.525163  1.3870D-27 0.0387   813.1602  68   7     690
       13036.936100  3.3890D-28 0.0398   768.8244  67   7     691
       13038.444500  1.9060D-27 0.0398   750.0281  68   7     692
       13039.891900  4.6220D-28 0.0408   706.6718  67   7     693
       13040.259000  1.8200D-27 0.0398   748.2136  68   7     694
       13041.123705  1.3740D-24 0.0417   664.2595  66   7     695
       13041.711500  4.4050D-28 0.0408   704.8522  67   7     696
       13042.947305  1.3020D-24 0.0417   662.4359  66   7     697
       13043.081790  2.4690D-27 0.0408   687.7770  68   7     698
       13044.568000  5.9340D-28 0.0417   645.4713  67   7     699
       13044.904690  2.3530D-27 0.0408   685.9541  68   7     700
       13046.396200  5.6380D-28 0.0417   643.6431  67   7     701
       13047.630967  3.1530D-27 0.0417   628.2155  68   7     702
       13049.153500  7.5010D-28 0.0426   587.0363  67   7     703
       13049.462467  2.9970D-27 0.0417   626.3840  68   7     704
       13050.480769  2.2080D-24 0.0434   546.7042  66   7     705
       13050.990600  7.1100D-28 0.0426   585.1992  67   7     706
       13052.092451  3.9650D-27 0.0426   571.3456  68   7     707
       13052.322769  2.0810D-24 0.0434   544.8622  66   7     708
       13053.647400  9.3380D-28 0.0434   531.3689  67   7     709
       13053.932451  3.7580D-27 0.0426   569.5056  68   7     710
       13055.494800  8.8210D-28 0.0434   529.5228  67   7     711
       13056.466144  4.9110D-27 0.0434   517.1697  68   7     712
       13058.053800  1.1450D-27 0.0441   478.4714  67   7     713
       13058.314844  4.6390D-27 0.0434   515.3210  68   7     714
       13059.466535  3.3240D-24 0.0447   440.5618  66   7     715
       13059.908900  1.0780D-27 0.0441   476.6163  67   7     716
       13060.752334  5.9880D-27 0.0441   465.6897  68   7     717
       13061.327335  3.1100D-24 0.0447   438.7010  66   7     718
       13062.367500  1.3810D-27 0.0447   428.3471  67   7     719
       13062.609634  5.6370D-27 0.0441   463.8324  68   7     720
       13064.229700  1.2950D-27 0.0447   426.4815  67   7     721
       13064.950895  7.1860D-27 0.0447   416.9078  68   7     722
       13066.592900  1.6390D-27 0.0453   380.9952  67   7     723
       13066.817095  6.7380D-27 0.0447   415.0416  68   7     724
       13068.081859  4.6760D-24 0.0458   345.8495  66   7     725
       13068.465300  1.5290D-27 0.0453   379.1205  67   7     726
       13069.062181  8.4850D-27 0.0453   370.8256  68   7     727
       13069.961959  4.3310D-24 0.0458   343.9694  66   7     728
       13070.729600  1.9130D-27 0.0458   336.4190  67   7     729
       13070.937281  7.9210D-27 0.0453   368.9505  68   7     730
       13072.613600  1.7770D-27 0.0458   334.5374  67   7     731
       13073.086036  9.8550D-27 0.0458   327.4451  68   7     732
       13074.777200  2.1960D-27 0.0463   294.6198  67   7     733
       13074.970336  9.1540D-27 0.0458   325.5608  68   7     734
       13076.327326  6.1260D-24 0.0468   262.5827  66   7     735
       13076.667000  2.0280D-27 0.0463   292.7291  67   7     736
       13077.022685  1.1250D-26 0.0463   286.7678  68   7     737
       13078.227526  5.6020D-24 0.0468   260.6825  66   7     738
       13078.730800  2.4760D-27 0.0468   255.6008  67   7     739
       13078.916285  1.0390D-26 0.0463   284.8742  68   7     740
       13080.633200  2.2720D-27 0.0468   253.6996  67   7     741
       13080.872138  1.2630D-26 0.0468   248.7953  68   7     742
       13082.597200  2.7420D-27 0.0473   219.3621  67   7     743
       13082.775238  1.1580D-26 0.0468   246.8922  68   7     744
       13084.203460  7.4350D-24 0.0478   190.7748  66   7     745
       13084.513800  2.4940D-27 0.0473   217.4506  67   7     746
       13084.634392  1.3910D-26 0.0473   213.5291  68   7     747
       13086.125160  6.6830D-24 0.0478   188.8531  66   7     748
       13086.376600  2.9770D-27 0.0478   185.9054  67   7     749
       13086.547292  1.2660D-26 0.0473   211.6162  68   7     750
       13088.308000  2.6860D-27 0.0478   183.9821  67   7     751
       13088.309626  1.5030D-26 0.0478   180.9704  68   7     752
       13090.061400  3.1700D-27 0.0484   155.2322  67   7     753
       13090.232626  1.3550D-26 0.0478   179.0474  68   7     754
       13091.710420  8.2980D-24 0.0491   130.4375  66   7     755
       13091.897705  1.5920D-26 0.0484   151.1206  68   7     756
       13091.995400  2.8290D-27 0.0484   153.2988  67   7     757
       13093.655820  7.2760D-24 0.0491   128.4921  66   7     758
       13093.656000  3.3030D-27 0.0491   127.3436  67   7     759
       13093.831305  1.4210D-26 0.0484   149.1870  68   7     760
       13095.398680  1.6500D-26 0.0491   123.9808  68   7     761
       13095.603900  2.9080D-27 0.0491   125.3983  67   7     762
       13097.168400  3.3620D-27 0.0498   102.2407  67   7     763
       13097.343480  1.4530D-26 0.0491   122.0360  68   7     764
       13098.812485  1.6720D-26 0.0498    99.5521  68   7     765
       13098.848303  8.4080D-24 0.0507    81.5805  66   7     766
       13099.129700  2.9140D-27 0.0498   100.2821  67   7     767
       13100.587400  3.3360D-27 0.0507    79.9246  67   7     768
       13100.769585  1.4490D-26 0.0498    97.5950  68   7     769
       13100.821803  7.0960D-24 0.0507    79.6070  66   7     770
       13102.139240  1.6500D-26 0.0507    77.8353  68   7     771
       13102.559000  2.8310D-27 0.0507    77.9518  67   7     772
       13103.916700  3.2140D-27 0.0517    60.3959  67   7     773
       13104.109840  1.4010D-26 0.0507    75.8647  68   7     774
       13105.378950  1.5830D-26 0.0517    58.8312  68   7     775
       13105.616940  7.5540D-24 0.0530    44.2117  66   7     776
       13105.904400  2.6560D-27 0.0517    58.4070  67   7     777
       13107.157500  2.9970D-27 0.0530    43.6557  67   7     778
       13107.364950  1.3080D-26 0.0517    56.8452  68   7     779
       13107.628540  5.9610D-24 0.0530    42.2001  66   7     780
       13108.531404  1.4690D-26 0.0530    42.5407  68   7     781
       13109.165500  2.3850D-27 0.0530    41.6465  67   7     782
       13110.306300  2.6780D-27 0.0545    29.7045  67   7     783
       13110.536304  1.1690D-26 0.0530    40.5358  68   7     784
       13111.596578  1.3060D-26 0.0545    28.9644  68   7     785
       13112.015903  5.7060D-24 0.0563    18.3372  66   7     786
       13112.341600  2.0180D-27 0.0545    27.6680  67   7     787
       13113.366000  2.2690D-27 0.0563    18.5428  67   7     788
       13113.626678  9.8400D-27 0.0545    26.9343  68   7     789
       13114.100203  3.8780D-24 0.0563    16.2529  66   7     790
       13114.574632  1.1010D-26 0.0563    18.1026  68   7     791
       13115.443400  1.5660D-27 0.0563    16.4645  67   7     792
       13116.337800  1.7780D-27 0.0586    10.1725  67   7     793
       13116.643932  7.5960D-27 0.0563    16.0333  68   7     794
       13117.465209  8.5890D-27 0.0586     9.9560  68   7     795
       13118.044700  3.0560D-24 0.0615     3.9611  66   7     796
       13118.494900  1.0420D-27 0.0586     8.0056  67   7     797
       13119.218300  1.2230D-27 0.0615     4.5887  67   7     798
       13119.617609  5.0310D-27 0.0586     7.8036  68   7     799
       13120.268440  5.8760D-27 0.0615     4.5247  68   7     800
       13126.392003  1.5270D-24 0.0563     3.9611  66   7     801
       13126.499900  7.0750D-28 0.0586     0.0066  67   7     802
       13127.318900  6.0480D-28 0.0563     4.5887  67   7     803
       13127.421209  3.4170D-27 0.0586    -0.9999  68   7     804
       13128.152532  2.9350D-27 0.0563     4.5247  68   7     805
       13128.268803  3.5540D-24 0.0563     2.0843  66   7     806
       13129.216800  1.3830D-27 0.0563     2.7082  67   7     807
       13129.839200  1.1720D-27 0.0545    10.1725  67   7     808
       13130.044532  6.7140D-27 0.0563     2.6327  68   7     809
       13130.604978  5.7150D-27 0.0545     9.9560  68   7     810
       13131.491440  4.2670D-24 0.0530    18.3372  66   7     811
       13131.766100  1.9340D-27 0.0545     8.2480  67   7     812
       13132.268500  1.6800D-27 0.0530    18.5428  67   7     813
       13132.536278  9.4260D-27 0.0545     8.0247  68   7     814
       13132.969504  8.2360D-27 0.0530    18.1026  68   7     815
       13133.441040  6.1870D-24 0.0530    16.3876  66   7     816
       13134.220800  2.4140D-27 0.0530    16.5923  67   7     817
       13134.606400  2.1140D-27 0.0517    29.7045  67   7     818
       13134.926004  1.1830D-26 0.0530    16.1461  68   7     819
       13135.245750  1.0410D-26 0.0517    28.9644  68   7     820
       13136.217103  6.2660D-24 0.0507    44.2117  66   7     821
       13136.582000  2.8120D-27 0.0517    27.7336  67   7     822
       13136.855600  2.4620D-27 0.0507    43.6557  67   7     823
       13137.221250  1.3850D-26 0.0517    26.9889  68   7     824
       13137.433840  1.2180D-26 0.0507    42.5407  68   7     825
       13138.204803  7.9840D-24 0.0507    42.2240  66   7     826
       13138.846300  3.1170D-27 0.0507    41.6681  67   7     827
       13139.007400  2.7150D-27 0.0498    60.3959  67   7     828
       13139.424840  1.5420D-26 0.0507    40.5497  68   7     829
       13139.533385  1.3500D-26 0.0498    58.8312  68   7     830
       13140.567420  7.3110D-24 0.0491    81.5805  66   7     831
       13141.015900  3.3200D-27 0.0498    58.3940  67   7     832
       13141.080200  2.8710D-27 0.0491    79.9246  67   7     833
       13141.537885  1.6510D-26 0.0498    56.8267  68   7     834
       13141.544180  1.4350D-26 0.0491    77.8353  68   7     835
       13142.583320  8.7620D-24 0.0491    79.5646  66   7     836
       13143.078100  2.9380D-27 0.0484   102.2407  67   7     837
       13143.078100  3.4260D-27 0.0491    77.9096  67   7     838
       13143.466205  1.4760D-26 0.0484    99.5521  68   7     839
       13143.560980  1.7120D-26 0.0491    75.8185  68   7     840
       13144.540760  7.4080D-24 0.0478   130.4375  66   7     841
       13144.935300  2.9190D-27 0.0478   127.3436  67   7     842
       13145.079200  3.4390D-27 0.0484   100.2138  67   7     843
       13145.299226  1.4740D-26 0.0478   123.9808  68   7     844
       13145.494305  1.7270D-26 0.0484    97.5240  68   7     845
       13146.580460  8.5690D-24 0.0478   128.3978  66   7     846
       13146.728600  2.8290D-27 0.0473   155.2322  67   7     847
       13146.975000  3.3640D-27 0.0478   125.3055  67   7     848
       13147.042892  1.4350D-26 0.0473   151.1206  68   7     849
       13147.338026  1.6980D-26 0.0478   121.9420  68   7     850
       13148.135226  6.7490D-24 0.0468   190.7748  66   7     851
       13148.412717  4.0090D-29 0.0228  2956.3538  66   7     852
       13148.428400  2.6760D-27 0.0468   185.9054  67   7     853
       13148.697038  1.3650D-26 0.0468   180.9704  68   7     854
       13148.780000  3.2190D-27 0.0473   153.1834  67   7     855
       13149.091892  1.6330D-26 0.0473   149.0716  68   7     856
       13150.037700  2.4790D-27 0.0463   219.3621  67   7     857
       13150.196626  7.6260D-24 0.0468   188.7134  66   7     858
       13150.261385  1.2710D-26 0.0463   213.5291  68   7     859
       13150.488800  3.0150D-27 0.0468   183.8463  67   7     860
       13150.755938  1.5370D-26 0.0468   178.9115  68   7     861
       13150.783417  4.1700D-29 0.0228  2953.9829  66   7     862
       13151.348659  5.6240D-24 0.0458   262.5827  66   7     863
       13151.550300  2.2510D-27 0.0458   255.6008  67   7     864
       13151.735836  1.1590D-26 0.0458   248.7953  68   7     865
       13151.755547  1.3060D-28 0.0233  2703.8564  66   7     866
       13152.102200  2.7690D-27 0.0463   217.2926  67   7     867
       13152.329985  1.4190D-26 0.0463   211.4605  68   7     868
       13152.968100  2.0060D-27 0.0453   294.6198  67   7     869
       13153.119981  1.0380D-26 0.0453   286.7678  68   7     870
       13153.430459  6.2520D-24 0.0458   260.5009  66   7     871
       13153.629000  2.4960D-27 0.0458   253.5220  67   7     872
       13153.813736  1.2860D-26 0.0458   246.7174  68   7     873
       13154.108747  1.3610D-28 0.0233  2701.5032  66   7     874
       13154.178835  4.3270D-24 0.0447   345.8495  66   7     875
       13154.295600  1.7530D-27 0.0447   336.4190  67   7     876
       13154.413595  9.1250D-27 0.0447   327.4451  68   7     877
       13154.654303  4.0260D-28 0.0239  2462.4216  66   7     878
       13155.057600  2.2080D-27 0.0453   292.5318  67   7     879
       13155.207081  1.1430D-26 0.0453   284.6807  68   7     880
       13155.530000  1.5060D-27 0.0441   380.9952  67   7     881
       13155.616434  7.8810D-27 0.0441   370.8256  68   7     882
       13156.280235  4.7520D-24 0.0447   343.7481  66   7     883
       13156.394400  1.9200D-27 0.0447   334.3202  67   7     884
       13156.509795  9.9960D-27 0.0447   325.3489  68   7     885
       13156.623169  3.0930D-24 0.0434   440.5618  66   7     886
       13156.670500  1.2720D-27 0.0434   428.3471  67   7     887
       13156.728044  6.6920D-27 0.0434   416.9078  68   7     888
       13156.989803  4.1990D-28 0.0239  2460.0862  66   7     889
       13157.114405  1.1730D-27 0.0246  2232.0889  66   7     890
       13157.640500  1.6420D-27 0.0441   378.8880  67   7     891
       13157.721534  8.5920D-27 0.0441   368.7205  68   7     892
       13157.722000  1.0570D-27 0.0426   478.4714  67   7     893
       13157.748351  5.5890D-27 0.0426   465.6897  68   7     894
       13158.676767  4.5930D-27 0.0417   517.1697  68   7     895
       13158.677500  8.6430D-28 0.0417   531.3689  67   7     896
       13158.679005  2.0630D-24 0.0417   546.7042  66   7     897
       13158.743569  3.3650D-24 0.0434   438.4414  66   7     898
       13158.788300  1.3810D-27 0.0434   426.2293  67   7     899
       13158.842144  7.2640D-27 0.0434   414.7937  68   7     900
       13159.141488  3.2280D-27 0.0255  2012.8956  66   7     901
       13159.432305  1.2250D-27 0.0246  2229.7710  66   7     902
       13159.513190  3.7150D-27 0.0408   571.3456  68   7     903
       13159.527400  6.9540D-28 0.0408   587.0363  67   7     904
       13159.868500  1.1430D-27 0.0426   476.3458  67   7     905
       13159.871151  6.0440D-27 0.0426   463.5669  68   7     906
       13160.257100  2.9580D-27 0.0398   628.2155  68   7     907
       13160.289200  5.5080D-28 0.0398   645.4713  67   7     908
       13160.343426  1.2880D-24 0.0398   664.2595  66   7     909
       13160.701500  4.5110D-30 0.0266  1752.6808  67   7     910
       13160.740806  8.3890D-27 0.0266  1804.8773  66   7     911
       13160.743968  2.6190D-29 0.0266  1705.8475  68   7     912
       13160.808267  4.9490D-27 0.0417   515.0382  68   7     913
       13160.818105  2.2280D-24 0.0417   544.5651  66   7     914
       13160.818200  9.3120D-28 0.0417   529.2344  67   7     915
       13160.908363  2.3200D-27 0.0387   687.7770  68   7     916
       13160.955100  4.2960D-28 0.0387   706.6718  67   7     917
       13161.321400  6.9700D-30 0.0272  1655.7896  67   7     918
       13161.337303  4.0230D-29 0.0272  1611.5385  68   7     919
       13161.441788  3.3780D-27 0.0255  2010.5953  66   7     920
       13161.466327  1.7920D-27 0.0376   750.0281  68   7     921
       13161.525100  3.3000D-28 0.0376   770.6351  67   7     922
       13161.613145  7.5330D-25 0.0376   793.2088  66   7     923
       13161.653390  3.9910D-27 0.0408   569.2054  68   7     924
       13161.670900  7.4690D-28 0.0408   584.8928  67   7     925
       13161.832067  6.0950D-29 0.0279  1519.8835  68   7     926
       13161.839200  1.0620D-29 0.0279  1561.6238  67   7     927
       13161.917130  2.0580D-26 0.0279  1608.0680  66   7     928
       13161.930727  1.3640D-27 0.0365   814.9663  68   7     929
       13161.998400  2.4970D-28 0.0365   837.3590  67   7     930
       13162.228807  9.1090D-29 0.0286  1430.8860  68   7     931
       13162.255700  1.5960D-29 0.0286  1470.1873  67   7     932
       13162.301280  1.0220D-27 0.0354   882.5890  68   7     933
       13162.374900  1.8620D-28 0.0354   906.8406  67   7     934
       13162.405900  3.1690D-27 0.0398   626.0667  68   7     935
       13162.441500  5.9000D-28 0.0398   643.3190  67   7     936
       13162.484907  4.1390D-25 0.0354   933.5311  66   7     937
       13162.500826  1.3820D-24 0.0398   662.1021  66   7     938
       13162.527954  1.3420D-28 0.0294  1344.5496  68   7     939
       13162.571200  2.3650D-29 0.0294  1381.4836  67   7     940
       13162.577487  7.5560D-28 0.0343   952.8937  68   7     941
       13162.675200  1.3690D-28 0.0343   979.0773  67   7     942
       13162.675353  4.7660D-26 0.0294  1422.4995  66   7     943
       13162.730121  1.9510D-28 0.0303  1260.8772  68   7     944
       13162.758834  5.5020D-28 0.0332  1025.8778  68   7     945
       13162.786400  3.4590D-29 0.0303  1295.5164  67   7     946
       13162.834900  9.9150D-29 0.0332  1054.0663  67   7     947
       13162.835606  2.7960D-28 0.0312  1179.8726  68   7     948
       13162.845089  3.9500D-28 0.0322  1101.5383  68   7     949
       13162.901800  4.9820D-29 0.0312  1212.2889  67   7     950
       13162.954400  7.0800D-29 0.0322  1131.8044  67   7     951
       13162.955087  2.1390D-25 0.0332  1085.2037  66   7     952
       13163.010468  2.7420D-29 0.0266  1703.5811  68   7     953
       13163.019992  1.0400D-25 0.0312  1248.2019  66   7     954
       13163.020500  4.7240D-30 0.0266  1750.4070  67   7     955
       13163.023406  8.7960D-27 0.0266  1802.5947  66   7     956
       13163.065663  2.4790D-27 0.0387   685.6197  68   7     957
       13163.116400  4.5890D-28 0.0387   704.5105  67   7     958
       13163.586600  7.3060D-30 0.0272  1653.5243  67   7     959
       13163.595503  4.2170D-29 0.0272  1609.2803  68   7     960
       13163.632227  1.9100D-27 0.0376   747.8622  68   7     961
       13163.695100  3.5170D-28 0.0376   768.4651  67   7     962
       13163.788745  8.0430D-25 0.0376   791.0332  66   7     963
       13164.081967  6.3960D-29 0.0279  1517.6335  68   7     964
       13164.095900  1.1150D-29 0.0279  1559.3671  67   7     965
       13164.105127  1.4500D-27 0.0365   812.7919  68   7     966
       13164.182000  2.6570D-28 0.0365   835.1802  67   7     967
       13164.182130  2.1630D-26 0.0279  1605.8030  66   7     968
       13164.470407  9.5700D-29 0.0286  1428.6444  68   7     969
       13164.484080  1.0860D-27 0.0354   880.4062  68   7     970
       13164.503800  1.6770D-29 0.0286  1467.9392  67   7     971
       13164.562400  1.9780D-28 0.0354   904.6531  67   7     972
       13164.678607  4.4010D-25 0.0354   931.3374  66   7     973
       13164.761154  1.4120D-28 0.0294  1342.3163  68   7     974
       13164.768687  8.0060D-28 0.0343   950.7025  68   7     975
       13164.810700  2.4890D-29 0.0294  1379.2441  67   7     976
       13164.850100  1.4510D-28 0.0343   976.8811  67   7     977
       13164.922553  5.0200D-26 0.0294  1420.2523  66   7     978
       13164.954921  2.0540D-28 0.0303  1258.6523  68   7     979
       13164.958534  5.8210D-28 0.0332  1023.6781  68   7     980
       13165.017200  3.6410D-29 0.0303  1293.2856  67   7     981
       13165.039900  1.0490D-28 0.0332  1051.8613  67   7     982
       13165.052106  2.9490D-28 0.0312  1177.6560  68   7     983
       13165.053189  4.1720D-28 0.0322  1099.3302  68   7     984
       13165.166687  2.2660D-25 0.0332  1082.9921  66   7     985
       13165.166700  5.2560D-29 0.0312  1210.0667  67   7     986
       13165.166700  7.4780D-29 0.0322  1129.5909  67   7     987
       13165.249392  1.0980D-25 0.0312  1245.9725  66   7     988
       14301.443335  2.8710D-29 0.0342  2462.4216  66   7     989
       14303.092890  2.8030D-29 0.0342  2460.7722  66   7     990
       14317.517509  8.3570D-29 0.0342  2232.0889  66   7     991
       14319.184081  8.1480D-29 0.0342  2230.4224  66   7     992
       14333.050469  2.2990D-28 0.0344  2012.8956  66   7     993
       14334.734110  2.2380D-28 0.0344  2011.2119  66   7     994
       14348.045582  5.9740D-28 0.0346  1804.8773  66   7     995
       14349.746352  5.8040D-28 0.0346  1803.1765  66   7     996
       14362.505972  1.4660D-27 0.0350  1608.0680  66   7     997
       14364.223941  1.4210D-27 0.0350  1606.3500  66   7     998
       14367.129076  2.7760D-29 0.0366  1101.5383  68   7     999
       14368.901966  2.6770D-29 0.0366  1099.7654  68   7    1000
       14373.104614  3.8680D-29 0.0370  1025.8778  68   7    1001
       14374.885749  3.7240D-29 0.0370  1024.0966  68   7    1002
       14376.434522  3.3930D-27 0.0356  1422.4995  66   7    1003
       14378.169771  3.2810D-27 0.0356  1420.7642  66   7    1004
       14378.959216  5.3140D-29 0.0374   952.8937  68   7    1005
       14380.748626  5.1070D-29 0.0374   951.1043  68   7    1006
       14384.692953  7.1950D-29 0.0379   882.5890  68   7    1007
       14386.490674  6.9030D-29 0.0379   880.7913  68   7    1008
       14389.833873  7.4080D-27 0.0362  1248.2019  66   7    1009
       14390.305890  9.6040D-29 0.0384   814.9663  68   7    1010
       14391.586500  7.1440D-27 0.0362  1246.4493  66   7    1011
       14392.111961  9.1940D-29 0.0384   813.1602  68   7    1012
       14395.798085  1.2630D-28 0.0389   750.0281  68   7    1013
       14397.612550  1.2070D-28 0.0389   748.2136  68   7    1014
       14401.169590  1.6370D-28 0.0395   687.7770  68   7    1015
       14402.706433  1.5240D-26 0.0370  1085.2037  66   7    1016
       14402.992500  1.5600D-28 0.0395   685.9541  68   7    1017
       14404.476556  1.4650D-26 0.0370  1083.4335  66   7    1018
       14406.420450  2.0900D-28 0.0401   628.2155  68   7    1019
       14408.251861  1.9870D-28 0.0401   626.3840  68   7    1020
       14411.550702  2.6290D-28 0.0407   571.3456  68   7    1021
       14413.390680  2.4910D-28 0.0407   569.5056  68   7    1022
       14415.054372  2.9530D-26 0.0379   933.5311  66   7    1023
       14416.560378  3.2550D-28 0.0414   517.1697  68   7    1024
       14416.842135  2.8280D-26 0.0379   931.7433  66   7    1025
       14418.408998  3.0750D-28 0.0414   515.3210  68   7    1026
       14421.449502  3.9690D-28 0.0421   465.6897  68   7    1027
       14423.306853  3.7360D-28 0.0421   463.8324  68   7    1028
       14426.218092  4.7630D-28 0.0428   416.9078  68   7    1029
       14426.879628  5.3830D-26 0.0389   793.2088  66   7    1030
       14428.084278  4.4660D-28 0.0428   415.0416  68   7    1031
       14428.685212  5.1330D-26 0.0389   791.4032  66   7    1032
       14430.866158  5.6240D-28 0.0436   370.8256  68   7    1033
       14432.741302  5.2500D-28 0.0436   368.9505  68   7    1034
       14435.393706  6.5320D-28 0.0443   327.4451  68   7    1035
       14437.277957  6.0670D-28 0.0443   325.5608  68   7    1036
       14438.183908  9.2210D-26 0.0401   664.2595  66   7    1037
       14439.800733  7.4580D-28 0.0452   286.7678  68   7    1038
       14440.007542  8.7470D-26 0.0401   662.4359  66   7    1039
       14441.694271  6.8880D-28 0.0452   284.8742  68   7    1040
       14444.087229  8.3670D-28 0.0460   248.7953  68   7    1041
       14445.990277  7.6760D-28 0.0460   246.8922  68   7    1042
       14448.253179  9.2170D-28 0.0469   213.5291  68   7    1043
       14448.968688  1.4820D-25 0.0414   546.7042  66   7    1044
       14450.166019  8.3910D-28 0.0469   211.6162  68   7    1045
       14450.810674  1.3970D-25 0.0414   544.8622  66   7    1046
       14452.298559  9.9610D-28 0.0478   180.9704  68   7    1047
       14453.179000  1.9200D-28 0.0443   334.5510  67   7    1048
       14454.221552  8.9870D-28 0.0478   179.0474  68   7    1049
       14456.223341  1.0550D-27 0.0488   151.1206  68   7    1050
       14457.723000  2.3100D-28 0.0452   292.7410  67   7    1051
       14458.156959  9.4180D-28 0.0488   149.1870  68   7    1052
       14459.235215  2.2310D-25 0.0428   440.5618  66   7    1053
       14460.027487  1.0940D-27 0.0498   123.9808  68   7    1054
       14461.095963  2.0870D-25 0.0428   438.7010  66   7    1055
       14461.972373  9.6370D-28 0.0498   122.0360  68   7    1056
       14462.149000  2.8500D-28 0.0460   253.7100  67   7    1057
       14463.710956  1.1080D-27 0.0508    99.5521  68   7    1058
       14464.535000  2.8600D-28 0.0469   219.3630  67   7    1059
       14465.668004  9.6040D-28 0.0508    97.5950  68   7    1060
       14466.449000  2.5200D-28 0.0469   217.4590  67   7    1061
       14467.273697  1.0940D-27 0.0518    77.8353  68   7    1062
       14468.984511  3.1390D-25 0.0443   345.8495  66   7    1063
       14469.244218  9.2890D-28 0.0518    75.8647  68   7    1064
       14470.715654  1.0490D-27 0.0529    58.8312  68   7    1065
       14470.864592  2.9070D-25 0.0443   343.9694  66   7    1066
       14472.701675  8.6700D-28 0.0529    56.8452  68   7    1067
       14474.036764  9.7310D-28 0.0540    42.5407  68   7    1068
       14474.673000  2.9000D-28 0.0488   153.3040  67   7    1069
       14476.041669  7.7450D-28 0.0540    40.5358  68   7    1070
       14476.652000  4.5000D-28 0.0498   127.3410  67   7    1071
       14477.236957  8.6590D-28 0.0552    28.9644  68   7    1072
       14478.217372  4.1110D-25 0.0460   262.5827  66   7    1073
       14478.599000  3.4600D-28 0.0498   125.4020  67   7    1074
       14479.267065  6.5230D-28 0.0552    26.9343  68   7    1075
       14480.117626  3.7600D-25 0.0460   260.6825  66   7    1076
       14480.316155  7.3000D-28 0.0563    18.1026  68   7    1077
       14480.434000  3.3800D-28 0.0508   102.2370  67   7    1078
       14482.385533  5.0350D-28 0.0563    16.0333  68   7    1079
       14483.274277  5.6940D-28 0.0575     9.9560  68   7    1080
       14484.101000  2.8800D-28 0.0518    79.9200  67   7    1081
       14485.426662  3.3350D-28 0.0575     7.8036  68   7    1082
       14486.111231  3.8960D-28 0.0588     4.5247  68   7    1083
       14486.934366  4.9900D-25 0.0478   190.7748  66   7    1084
       14487.649000  9.1600D-28 0.0529    60.3900  67   7    1085
       14488.856111  4.4850D-25 0.0478   188.8531  66   7    1086
       14489.627000  2.4300D-28 0.0529    58.4080  67   7    1087
       14491.057000  4.5300D-28 0.0540    43.6490  67   7    1088
       14493.064000  3.7500D-28 0.0540    41.6470  67   7    1089
       14493.230264  2.2650D-28 0.0575    -0.9999  68   7    1090
       14493.894085  1.9460D-28 0.0563     4.5247  68   7    1091
       14494.345000  3.3000D-28 0.0552    29.6970  67   7    1092
       14495.135840  5.5690D-25 0.0498   130.4375  66   7    1093
       14495.786129  4.4520D-28 0.0563     2.6327  68   7    1094
       14496.245333  3.7890D-28 0.0552     9.9560  68   7    1095
       14496.357000  1.1300D-27 0.0552    27.6680  67   7    1096
       14497.081315  4.8840D-25 0.0498   128.4921  66   7    1097
       14497.515000  4.4700D-28 0.0563    18.5350  67   7    1098
       14498.176668  6.2500D-28 0.0552     8.0247  68   7    1099
       14498.474861  5.4610D-28 0.0540    18.1026  68   7    1100
       14499.605000  1.1600D-27 0.0563    16.4630  67   7    1101
       14500.431429  7.8450D-28 0.0540    16.1461  68   7    1102
       14500.582539  6.9050D-28 0.0529    28.9644  68   7    1103
       14502.558028  9.1830D-28 0.0529    26.9889  68   7    1104
       14502.568230  8.0780D-28 0.0518    42.5407  68   7    1105
       14502.821917  5.6440D-25 0.0518    81.5805  66   7    1106
       14503.480000  1.0200D-27 0.0588     4.5810  67   7    1107
       14504.431789  8.9530D-28 0.0508    58.8312  68   7    1108
       14504.559261  1.0230D-27 0.0518    40.5497  68   7    1109
       14504.795422  4.7630D-25 0.0518    79.6070  66   7    1110
       14506.173065  9.5210D-28 0.0498    77.8353  68   7    1111
       14506.436344  1.0950D-27 0.0508    56.8267  68   7    1112
       14507.791902  9.7890D-28 0.0488    99.5521  68   7    1113
       14508.189841  1.1360D-27 0.0498    75.8185  68   7    1114
       14509.288134  9.7780D-28 0.0478   123.9808  68   7    1115
       14509.820010  1.1450D-27 0.0488    97.5240  68   7    1116
       14509.992498  5.0710D-25 0.0540    44.2117  66   7    1117
       14510.661590  9.5200D-28 0.0469   151.1206  68   7    1118
       14511.326941  1.1270D-27 0.0478   121.9420  68   7    1119
       14511.912094  9.0560D-28 0.0460   180.9704  68   7    1120
       14512.004091  4.0010D-25 0.0540    42.2001  66   7    1121
       14512.710630  1.0830D-27 0.0469   149.0716  68   7    1122
       14513.039459  8.4320D-28 0.0452   213.5291  68   7    1123
       14513.336000  1.9300D-28 0.0563     2.7010  67   7    1124
       14513.971012  1.0200D-27 0.0460   178.9115  68   7    1125
       14514.043495  7.6940D-28 0.0443   248.7953  68   7    1126
       14514.924004  6.8890D-28 0.0436   286.7678  68   7    1127
       14515.027230  3.6570D-29 0.0362  1025.8778  68   7    1128
       14515.107983  9.4160D-28 0.0452   211.4605  68   7    1129
       14515.680780  6.0560D-28 0.0428   327.4451  68   7    1130
       14515.773670  5.0210D-29 0.0366   952.8937  68   7    1131
       14515.790000  1.0200D-27 0.0552     8.2410  67   7    1132
       14516.121408  8.5290D-28 0.0443   246.7174  68   7    1133
       14516.313613  5.2310D-28 0.0421   370.8256  68   7    1134
       14516.361870  2.7730D-29 0.0359  1099.3302  68   7    1135
       14516.393395  6.7940D-29 0.0370   882.5890  68   7    1136
       14516.647261  3.8300D-25 0.0563    18.3372  66   7    1137
       14516.822284  4.4430D-28 0.0414   416.9078  68   7    1138
       14516.886688  9.0590D-29 0.0374   814.9663  68   7    1139
       14517.011132  7.5880D-28 0.0436   284.6807  68   7    1140
       14517.206567  3.7110D-28 0.0407   465.6897  68   7    1141
       14517.226916  3.8690D-29 0.0362  1023.6781  68   7    1142
       14517.253831  1.1900D-28 0.0379   750.0281  68   7    1143
       14517.466232  3.0500D-28 0.0401   517.1697  68   7    1144
       14517.495094  1.5410D-28 0.0384   687.7770  68   7    1145
       14517.601040  2.4670D-28 0.0395   571.3456  68   7    1146
       14517.610744  1.9650D-28 0.0389   628.2155  68   7    1147
       14517.776983  6.6340D-28 0.0428   325.3489  68   7    1148
       14517.964936  5.3200D-29 0.0366   950.7025  68   7    1149
       14518.113000  4.8600D-28 0.0540    16.5860  67   7    1150
       14518.322000  4.5000D-28 0.0529    29.6970  67   7    1151
       14518.418774  5.7030D-28 0.0421   368.7205  68   7    1152
       14518.576218  7.2120D-29 0.0370   880.4062  68   7    1153
       14518.731578  2.6030D-25 0.0563    16.2529  66   7    1154
       14518.936307  4.8220D-28 0.0414   414.7937  68   7    1155
       14519.061046  9.6360D-29 0.0374   812.7919  68   7    1156
       14519.329372  4.0120D-28 0.0407   463.5669  68   7    1157
       14519.419695  1.2690D-28 0.0379   747.8622  68   7    1158
       14519.597750  3.2860D-28 0.0401   515.0382  68   7    1159
       14519.652433  1.6460D-28 0.0384   685.6197  68   7    1160
       14519.741212  2.6500D-28 0.0395   569.2054  68   7    1161
       14519.759521  2.1050D-28 0.0389   626.0667  68   7    1162
       14520.298000  3.7700D-28 0.0529    27.7280  67   7    1163
       14520.365000  2.8700D-28 0.0518    43.6490  67   7    1164
       14522.280000  4.9200D-28 0.0508    60.3900  67   7    1165
       14522.358000  3.6700D-28 0.0518    41.6630  67   7    1166
       14522.785664  2.0520D-25 0.0588     3.9611  66   7    1167
       14524.066000  3.3500D-28 0.0498    79.9200  67   7    1168
       14524.876000  3.2600D-28 0.0508    58.3900  67   7    1169
       14525.723000  3.2700D-28 0.0488   102.2370  67   7    1170
       14526.078000  4.1700D-28 0.0498    77.9060  67   7    1171
       14526.259056  2.7160D-29 0.0344  2462.4216  66   7    1172
       14527.257000  2.3600D-28 0.0478   127.3410  67   7    1173
       14527.757000  3.6200D-28 0.0488   100.2110  67   7    1174
       14528.594581  2.8340D-29 0.0344  2460.0862  66   7    1175
       14528.664000  2.7400D-28 0.0469   155.2310  67   7    1176
       14529.297000  3.9000D-28 0.0478   125.3040  67   7    1177
       14529.944000  2.5800D-28 0.0460   185.9050  67   7    1178
       14530.714000  1.5900D-28 0.0469   153.1830  67   7    1179
       14531.023361  1.0250D-25 0.0563     3.9611  66   7    1180
       14531.776095  7.9090D-29 0.0342  2232.0889  66   7    1181
       14531.997000  3.3900D-28 0.0460   183.8470  67   7    1182
       14532.110000  2.6200D-28 0.0443   255.6030  67   7    1183
       14532.900152  2.3870D-25 0.0563     2.0843  66   7    1184
       14533.781000  3.8400D-28 0.0428   336.4240  67   7    1185
       14534.093997  8.2640D-29 0.0342  2229.7710  66   7    1186
       14534.194000  3.5100D-28 0.0443   253.5250  67   7    1187
       14534.412000  1.2000D-28 0.0421   381.0020  67   7    1188
       14534.924000  6.6200D-29 0.0414   428.3550  67   7    1189
       14535.098000  2.3900D-28 0.0436   292.5360  67   7    1190
       14535.867037  2.8650D-25 0.0540    18.3372  66   7    1191
       14536.515000  7.6100D-28 0.0421   378.8950  67   7    1192
       14536.710831  2.1760D-28 0.0342  2012.8956  66   7    1193
       14537.816606  4.1550D-25 0.0540    16.3876  66   7    1194
       14539.011097  2.2770D-28 0.0342  2010.5953  66   7    1195
       14540.190712  4.2080D-25 0.0518    44.2117  66   7    1196
       14541.068710  5.6550D-28 0.0344  1804.8773  66   7    1197
       14542.178453  5.3620D-25 0.0518    42.2240  66   7    1198
       14543.351321  5.9290D-28 0.0344  1802.5947  66   7    1199
       14543.992847  4.9100D-25 0.0498    81.5805  66   7    1200
       14544.854937  1.3870D-27 0.0346  1608.0680  66   7    1201
       14546.008735  5.8860D-25 0.0498    79.5646  66   7    1202
       14547.119865  1.4570D-27 0.0346  1605.8030  66   7    1203
       14547.271685  4.9770D-25 0.0478   130.4375  66   7    1204
       14548.074475  3.2100D-27 0.0350  1422.4995  66   7    1205
       14549.311448  5.7570D-25 0.0478   128.3978  66   7    1206
       14550.025243  4.5350D-25 0.0460   190.7748  66   7    1207
       14550.321682  3.3810D-27 0.0350  1420.2523  66   7    1208
       14550.732047  7.0030D-27 0.0356  1248.2019  66   7    1209
       14552.086674  5.1250D-25 0.0460   188.7134  66   7    1210
       14552.251318  3.7790D-25 0.0443   262.5827  66   7    1211
       14552.832140  1.4400D-26 0.0362  1085.2037  66   7    1212
       14552.961482  7.3960D-27 0.0356  1245.9725  66   7    1213
       14553.947484  2.9080D-25 0.0428   345.8495  66   7    1214
       14554.333132  4.2010D-25 0.0443   260.5009  66   7    1215
       14554.379004  2.7850D-26 0.0370   933.5311  66   7    1216
       14555.043738  1.5250D-26 0.0362  1082.9921  66   7    1217
       14555.111089  2.0800D-25 0.0414   440.5618  66   7    1218
       14555.376659  5.0680D-26 0.0379   793.2088  66   7    1219
       14555.739259  1.3870D-25 0.0401   546.7042  66   7    1220
       14555.828892  8.6600D-26 0.0389   664.2595  66   7    1221
       14556.048870  3.1940D-25 0.0428   343.7481  66   7    1222
       14556.572680  2.9620D-26 0.0370   931.3374  66   7    1223
       14557.231507  2.2620D-25 0.0414   438.4414  66   7    1224
       14557.552300  5.4120D-26 0.0379   791.0332  66   7    1225
       14557.878331  1.4980D-25 0.0401   544.5651  66   7    1226
       14557.986348  9.2940D-26 0.0389   662.1021  66   7    1227
       15719.829386  4.5460D-29 0.0350  1608.0680  66   7    1228
       15721.547354  4.4070D-29 0.0350  1606.3500  66   7    1229
       15736.079940  1.0520D-28 0.0356  1422.4995  66   7    1230
       15737.815189  1.0180D-28 0.0356  1420.7642  66   7    1231
       15751.653061  2.2970D-28 0.0362  1248.2019  66   7    1232
       15753.405688  2.2150D-28 0.0362  1246.4493  66   7    1233
       15766.551314  4.7260D-28 0.0370  1085.2037  66   7    1234
       15768.321436  4.5430D-28 0.0370  1083.4335  66   7    1235
       15780.777017  9.1550D-28 0.0379   933.5311  66   7    1236
       15782.564780  8.7680D-28 0.0379   931.7433  66   7    1237
       15789.716985  3.1000D-29 0.0478   180.9704  68   7    1238
       15794.006207  3.2840D-29 0.0488   151.1206  68   7    1239
       15794.332246  1.6690D-27 0.0389   793.2088  66   7    1240
       15795.939825  2.9310D-29 0.0488   149.1870  68   7    1241
       15796.137830  1.5910D-27 0.0389   791.4032  66   7    1242
       15798.138172  3.4050D-29 0.0498   123.9808  68   7    1243
       15800.083057  3.0000D-29 0.0498   122.0360  68   7    1244
       15802.112893  3.4490D-29 0.0508    99.5521  68   7    1245
       15804.069941  2.9900D-29 0.0508    97.5950  68   7    1246
       15805.930371  3.4050D-29 0.0518    77.8353  68   7    1247
       15807.218834  2.8580D-27 0.0401   664.2595  66   7    1248
       15809.042468  2.7110D-27 0.0401   662.4359  66   7    1249
       15809.590592  3.2670D-29 0.0529    58.8312  68   7    1250
       15813.093532  3.0290D-29 0.0540    42.5407  68   7    1251
       15819.438372  4.5940D-27 0.0414   546.7042  66   7    1252
       15821.280358  4.3310D-27 0.0414   544.8622  66   7    1253
       15830.992213  6.9160D-27 0.0428   440.5618  66   7    1254
       15832.852960  6.4690D-27 0.0428   438.7010  66   7    1255
       15841.881472  9.7280D-27 0.0443   345.8495  66   7    1256
       15843.215934  3.1850D-29 0.0518    40.5497  68   7    1257
       15843.761552  9.0110D-27 0.0443   343.9694  66   7    1258
       15844.283749  2.9650D-29 0.0498    77.8353  68   7    1259
       15844.838280  3.4110D-29 0.0508    56.8267  68   7    1260
       15845.574768  3.0490D-29 0.0488    99.5521  68   7    1261
       15846.300525  3.5370D-29 0.0498    75.8185  68   7    1262
       15846.706560  3.0460D-29 0.0478   123.9808  68   7    1263
       15847.602876  3.5670D-29 0.0488    97.5240  68   7    1264
       15847.678892  2.9650D-29 0.0469   151.1206  68   7    1265
       15848.745367  3.5090D-29 0.0478   121.9420  68   7    1266
       15849.727932  3.3750D-29 0.0469   149.0716  68   7    1267
       15850.550437  3.1780D-29 0.0460   178.9115  68   7    1268
       15851.212703  2.9340D-29 0.0452   211.4605  68   7    1269
       15852.107027  1.2740D-26 0.0460   262.5827  66   7    1270
       15854.007282  1.1650D-26 0.0460   260.6825  66   7    1271
       15861.669522  1.5470D-26 0.0478   190.7748  66   7    1272
       15863.591267  1.3900D-26 0.0478   188.8531  66   7    1273
       15870.569364  1.7260D-26 0.0498   130.4375  66   7    1274
       15872.514839  1.5140D-26 0.0498   128.4921  66   7    1275
       15878.806727  1.7490D-26 0.0518    81.5805  66   7    1276
       15880.780232  1.4760D-26 0.0518    79.6070  66   7    1277
       15886.381552  1.5720D-26 0.0540    44.2117  66   7    1278
       15888.393145  1.2400D-26 0.0540    42.2001  66   7    1279
       15893.293547  1.1870D-26 0.0563    18.3372  66   7    1280
       15895.377864  8.0680D-27 0.0563    16.2529  66   7    1281
       15899.542189  6.3610D-27 0.0588     3.9611  66   7    1282
       15899.707942  4.3130D-29 0.0346  1608.0680  66   7    1283
       15901.972869  4.5320D-29 0.0346  1605.8030  66   7    1284
       15905.397888  9.9780D-29 0.0350  1422.4995  66   7    1285
       15907.645095  1.0510D-28 0.0350  1420.2523  66   7    1286
       15907.669647  3.1770D-27 0.0563     3.9611  66   7    1287
       15909.546438  7.4000D-27 0.0563     2.0843  66   7    1288
       15910.377465  2.1760D-28 0.0356  1248.2019  66   7    1289
       15912.256091  8.8830D-27 0.0540    18.3372  66   7    1290
       15912.606900  2.2990D-28 0.0356  1245.9725  66   7    1291
       15914.205659  1.2880D-26 0.0540    16.3876  66   7    1292
       15914.651327  4.4720D-28 0.0362  1085.2037  66   7    1293
       15916.175521  1.3050D-26 0.0518    44.2117  66   7    1294
       15916.862926  4.7380D-28 0.0362  1082.9921  66   7    1295
       15918.163263  1.6630D-26 0.0518    42.2240  66   7    1296
       15918.223885  8.6520D-28 0.0370   933.5311  66   7    1297
       15919.426371  1.5230D-26 0.0498    81.5805  66   7    1298
       15920.417561  9.1990D-28 0.0370   931.3374  66   7    1299
       15921.099304  1.5740D-27 0.0379   793.2088  66   7    1300
       15921.442259  1.8250D-26 0.0498    79.5646  66   7    1301
       15922.006841  1.5440D-26 0.0478   130.4375  66   7    1302
       15923.274945  1.6810D-27 0.0379   791.0332  66   7    1303
       15923.281510  2.6890D-27 0.0389   664.2595  66   7    1304
       15923.914899  1.4070D-26 0.0460   190.7748  66   7    1305
       15924.046604  1.7860D-26 0.0478   128.3978  66   7    1306
       15924.774185  4.3070D-27 0.0401   546.7042  66   7    1307
       15925.148278  1.1720D-26 0.0443   262.5827  66   7    1308
       15925.438966  2.8860D-27 0.0389   662.1021  66   7    1309
       15925.580773  6.4540D-27 0.0414   440.5618  66   7    1310
       15925.704481  9.0250D-27 0.0428   345.8495  66   7    1311
       15925.976330  1.5900D-26 0.0460   188.7134  66   7    1312
       15926.913257  4.6500D-27 0.0401   544.5651  66   7    1313
       15927.230093  1.3030D-26 0.0443   260.5009  66   7    1314
