************************************************************
* Molecule:    O3 (ozone)
* Temperature: 241 K
* File type:   absorption cross-sections in cm2/molecule
* Instrument:  GOME FM grating spectrometer
* Resolution:  wavelength dependent 0.2-0.4 nm
* Reference:   Burrows et al., JQSRT, submitted, 1997
* Contact:     orphal@physik.uni-bremen.de
* X-Axis = Wavelength in Vac [nm]
* Y-Axis = O3 absorption cross-section at 241 K [cm2/molec]
************************************************************
 230.86362  2.12681E-20
 230.99023  4.74674E-18
 231.11676  4.68209E-18
 231.24319  4.33801E-18
 231.36961  4.57270E-18
 231.49596  4.45040E-18
 231.62228  4.61296E-18
 231.74840  5.05445E-18
 231.87453  5.25799E-18
 232.00066  5.34865E-18
 232.12659  5.21480E-18
 232.25252  5.22646E-18
 232.37845  5.15654E-18
 232.50417  5.01783E-18
 232.62990  5.10304E-18
 232.75552  5.28766E-18
 232.88115  5.40618E-18
 233.00668  5.49048E-18
 233.13210  5.57140E-18
 233.25754  5.69217E-18
 233.38277  5.70616E-18
 233.50809  5.77721E-18
 233.63322  5.79180E-18
 233.75836  5.82851E-18
 233.88338  5.85777E-18
 234.00841  5.91696E-18
 234.13333  5.97770E-18
 234.25816  6.04807E-18
 234.38289  6.11842E-18
 234.50761  6.19164E-18
 234.63234  6.24262E-18
 234.75687  6.29545E-18
 234.88139  6.32386E-18
 235.00583  6.33958E-18
 235.13026  6.36251E-18
 235.25458  6.37570E-18
 235.37880  6.41300E-18
 235.50304  6.47024E-18
 235.62717  6.52712E-18
 235.75130  6.59491E-18
 235.87521  6.67065E-18
 235.99924  6.74082E-18
 236.12308  6.80442E-18
 236.24690  6.84648E-18
 236.37064  6.87625E-18
 236.49437  6.91340E-18
 236.61798  6.94489E-18
 236.74152  6.98610E-18
 236.86504  7.03752E-18
 236.98848  7.09900E-18
 237.11191  7.16178E-18
 237.23521  7.20243E-18
 237.35844  7.24585E-18
 237.48158  7.28747E-18
 237.60471  7.33354E-18
 237.72784  7.38173E-18
 237.85088  7.43185E-18
 237.97379  7.47939E-18
 238.09662  7.53380E-18
 238.21945  7.58272E-18
 238.34229  7.63177E-18
 238.46490  7.67208E-18
 238.58762  7.71483E-18
 238.71016  7.74730E-18
 238.83269  7.77583E-18
 238.95522  7.80492E-18
 239.07755  7.84742E-18
 239.19986  7.90803E-18
 239.32219  7.97934E-18
 239.44443  8.05402E-18
 239.56656  8.13402E-18
 239.68869  8.20660E-18
 239.81071  8.26943E-18
 239.93272  8.31626E-18
 240.05466  8.34479E-18
 240.17648  8.34982E-18
 240.29832  8.35511E-18
 240.42015  8.37349E-18
 240.54176  8.40144E-18
 240.66339  8.44922E-18
 240.78503  8.50522E-18
 240.90656  8.56418E-18
 241.02798  8.61332E-18
 241.14940  8.66274E-18
 241.27074  8.72832E-18
 241.39206  8.79244E-18
 241.51329  8.86509E-18
 241.63452  8.91759E-18
 241.75566  8.94425E-18
 241.87668  8.95918E-18
 241.99770  8.97511E-18
 242.11873  9.00043E-18
 242.23956  9.04353E-18
 242.36049  9.08210E-18
 242.48120  9.11729E-18
 242.60194  9.14975E-18
 242.72267  9.18771E-18
 242.84331  9.23884E-18
 242.96393  9.30068E-18
 243.08435  9.36013E-18
 243.20488  9.41681E-18
 243.32530  9.46982E-18
 243.44563  9.52093E-18
 243.56596  9.57374E-18
 243.68619  9.62863E-18
 243.80641  9.67462E-18
 243.92654  9.71337E-18
 244.04657  9.72861E-18
 244.16661  9.73130E-18
 244.28662  9.73730E-18
 244.40656  9.73531E-18
 244.52638  9.74043E-18
 244.64621  9.74278E-18
 244.76604  9.75468E-18
 244.88576  9.79765E-18
 245.00539  9.87535E-18
 245.12502  9.97684E-18
 245.24455  1.00893E-17
 245.36407  1.01802E-17
 245.48349  1.02412E-17
 245.60292  1.02894E-17
 245.72226  1.03164E-17
 245.84158  1.03245E-17
 245.96082  1.03317E-17
 246.08003  1.03329E-17
 246.19916  1.03290E-17
 246.31830  1.03241E-17
 246.43732  1.03107E-17
 246.55635  1.03150E-17
 246.67526  1.03226E-17
 246.79420  1.03521E-17
 246.91302  1.03904E-17
 247.03186  1.04600E-17
 247.15059  1.05291E-17
 247.26930  1.05913E-17
 247.38794  1.06442E-17
 247.50647  1.06792E-17
 247.62509  1.07103E-17
 247.74353  1.07379E-17
 247.86205  1.07449E-17
 247.98038  1.07236E-17
 248.09880  1.06940E-17
 248.21713  1.06819E-17
 248.33537  1.07004E-17
 248.45358  1.07517E-17
 248.57172  1.08305E-17
 248.68985  1.09288E-17
 248.80788  1.10202E-17
 248.92590  1.10892E-17
 249.04391  1.11202E-17
 249.16185  1.11172E-17
 249.27968  1.10924E-17
 249.39751  1.10739E-17
 249.51532  1.10846E-17
 249.63306  1.11243E-17
 249.75069  1.11679E-17
 249.86842  1.12101E-17
 249.98595  1.12266E-17
 250.10356  1.12197E-17
 250.22099  1.11895E-17
 250.33853  1.11457E-17
 250.45586  1.11046E-17
 250.57329  1.10810E-17
 250.69060  1.10754E-17
 250.80783  1.10881E-17
 250.92506  1.11073E-17
 251.04230  1.11330E-17
 251.15942  1.11643E-17
 251.27654  1.12207E-17
 251.39357  1.13174E-17
 251.51060  1.14411E-17
 251.62753  1.15553E-17
 251.74445  1.16088E-17
 251.86137  1.16139E-17
 251.97821  1.15816E-17
 252.09494  1.15302E-17
 252.21167  1.14806E-17
 252.32838  1.14257E-17
 252.44501  1.13824E-17
 252.56165  1.13441E-17
 252.67827  1.13244E-17
 252.79480  1.13295E-17
 252.91122  1.13581E-17
 253.02765  1.13862E-17
 253.14407  1.14067E-17
 253.26041  1.14344E-17
 253.37672  1.14738E-17
 253.49306  1.15238E-17
 253.60928  1.15620E-17
 253.72542  1.15821E-17
 253.84155  1.15922E-17
 253.95766  1.15927E-17
 254.07370  1.15817E-17
 254.18973  1.15486E-17
 254.30576  1.14870E-17
 254.42169  1.14212E-17
 254.53760  1.13649E-17
 254.65343  1.13495E-17
 254.76926  1.13822E-17
 254.88499  1.14581E-17
 255.00070  1.15560E-17
 255.11644  1.16607E-17
 255.23207  1.17481E-17
 255.34770  1.17933E-17
 255.46323  1.17780E-17
 255.57875  1.17285E-17
 255.69427  1.16746E-17
 255.80971  1.16139E-17
 255.92514  1.15628E-17
 256.04047  1.15139E-17
 256.15579  1.14556E-17
 256.27112  1.13956E-17
 256.38635  1.13296E-17
 256.50159  1.12574E-17
 256.61679  1.12257E-17
 256.73193  1.12261E-17
 256.84705  1.12581E-17
 256.96207  1.13137E-17
 257.07709  1.13627E-17
 257.19214  1.13828E-17
 257.30707  1.13614E-17
 257.42188  1.13108E-17
 257.53680  1.12640E-17
 257.65164  1.12284E-17
 257.76648  1.12161E-17
 257.88116  1.12055E-17
 257.99591  1.11896E-17
 258.11063  1.12035E-17
 258.22516  1.12641E-17
 258.33981  1.13585E-17
 258.45444  1.14786E-17
 258.56897  1.15749E-17
 258.68350  1.16217E-17
 258.79791  1.16086E-17
 258.91232  1.15562E-17
 259.02676  1.14652E-17
 259.14108  1.13364E-17
 259.25540  1.11835E-17
 259.36966  1.10250E-17
 259.48389  1.08806E-17
 259.59811  1.07683E-17
 259.71234  1.07041E-17
 259.82648  1.06765E-17
 259.94058  1.06871E-17
 260.05460  1.07406E-17
 260.16864  1.08359E-17
 260.28265  1.09503E-17
 260.39658  1.10552E-17
 260.51053  1.11354E-17
 260.62445  1.11695E-17
 260.73828  1.11578E-17
 260.85211  1.10994E-17
 260.96591  1.09940E-17
 261.07965  1.08691E-17
 261.19336  1.07430E-17
 261.30710  1.06306E-17
 261.42075  1.05465E-17
 261.53436  1.04930E-17
 261.64798  1.04704E-17
 261.76154  1.04702E-17
 261.87503  1.04868E-17
 261.98856  1.05137E-17
 262.10199  1.05518E-17
 262.21542  1.05974E-17
 262.32874  1.06480E-17
 262.44217  1.06697E-17
 262.55551  1.06455E-17
 262.66885  1.05638E-17
 262.78207  1.04459E-17
 262.89526  1.03091E-17
 263.00851  1.01741E-17
 263.12164  1.00598E-17
 263.23477  9.97778E-18
 263.34778  9.92208E-18
 263.46091  9.88134E-18
 263.57394  9.86934E-18
 263.68698  9.88470E-18
 263.79993  9.92381E-18
 263.91290  9.97429E-18
 264.02576  1.00235E-17
 264.13867  1.00552E-17
 264.25150  1.00768E-17
 264.36435  1.00912E-17
 264.47717  1.00815E-17
 264.58990  1.00367E-17
 264.70264  9.94712E-18
 264.81534  9.81941E-18
 264.92795  9.67998E-18
 265.04059  9.56498E-18
 265.15323  9.51918E-18
 265.26584  9.53140E-18
 265.37839  9.56543E-18
 265.49091  9.59704E-18
 265.60345  9.60398E-18
 265.71588  9.58701E-18
 265.82828  9.55152E-18
 265.94061  9.49706E-18
 266.05304  9.42000E-18
 266.16537  9.33557E-18
 266.27768  9.27009E-18
 266.39001  9.22828E-18
 266.50226  9.18552E-18
 266.61447  9.12048E-18
 266.72668  9.03276E-18
 266.83881  8.92103E-18
 266.95096  8.80486E-18
 267.06308  8.72321E-18
 267.17520  8.70435E-18
 267.28723  8.74945E-18
 267.39926  8.83091E-18
 267.51129  8.90048E-18
 267.62320  8.92461E-18
 267.73523  8.89597E-18
 267.84705  8.83739E-18
 267.95898  8.75723E-18
 268.07092  8.66694E-18
 268.18274  8.57102E-18
 268.29459  8.47123E-18
 268.40631  8.37435E-18
 268.51813  8.28838E-18
 268.62973  8.22570E-18
 268.74149  8.17644E-18
 268.85321  8.12156E-18
 268.96484  8.06113E-18
 269.07648  8.00178E-18
 269.18808  7.96920E-18
 269.29971  7.97559E-18
 269.41125  8.02185E-18
 269.52264  8.09277E-18
 269.63419  8.15178E-18
 269.74573  8.16443E-18
 269.85715  8.11676E-18
 269.96857  8.03171E-18
 270.07990  7.93422E-18
 270.19135  7.83398E-18
 270.30267  7.74466E-18
 270.41397  7.66602E-18
 270.52530  7.58432E-18
 270.63654  7.51196E-18
 270.74786  7.45186E-18
 270.85898  7.40329E-18
 270.97021  7.37118E-18
 271.08145  7.34230E-18
 271.19260  7.30827E-18
 271.30371  7.26662E-18
 271.41483  7.23202E-18
 271.52585  7.21052E-18
 271.63696  7.20229E-18
 271.74789  7.19954E-18
 271.85895  7.19031E-18
 271.96997  7.15898E-18
 272.08090  7.09425E-18
 272.19183  7.00969E-18
 272.30273  6.93178E-18
 272.41367  6.87872E-18
 272.52448  6.84160E-18
 272.63531  6.79587E-18
 272.74615  6.73978E-18
 272.85699  6.68658E-18
 272.96771  6.64722E-18
 273.07855  6.62919E-18
 273.18924  6.60894E-18
 273.29987  6.56216E-18
 273.41061  6.49658E-18
 273.52124  6.42061E-18
 273.63187  6.34891E-18
 273.74249  6.27792E-18
 273.85312  6.20830E-18
 273.96375  6.13368E-18
 274.07425  6.05555E-18
 274.18478  5.97782E-18
 274.29532  5.91412E-18
 274.40573  5.88537E-18
 274.51627  5.88797E-18
 274.62671  5.90994E-18
 274.73715  5.92205E-18
 274.84756  5.91889E-18
 274.95789  5.89086E-18
 275.06821  5.84271E-18
 275.17862  5.78444E-18
 275.28897  5.72196E-18
 275.39920  5.65751E-18
 275.50952  5.59601E-18
 275.61975  5.53253E-18
 275.72998  5.46737E-18
 275.84021  5.41345E-18
 275.95041  5.37780E-18
 276.06055  5.36445E-18
 276.17068  5.35734E-18
 276.28091  5.33370E-18
 276.39102  5.28292E-18
 276.50107  5.21638E-18
 276.61121  5.15574E-18
 276.72122  5.11494E-18
 276.83124  5.08346E-18
 276.94125  5.04981E-18
 277.05130  5.01797E-18
 277.16122  4.99598E-18
 277.27124  4.97982E-18
 277.38116  4.95556E-18
 277.49112  4.91849E-18
 277.60104  4.86298E-18
 277.71085  4.79719E-18
 277.82077  4.72817E-18
 277.93060  4.66698E-18
 278.04044  4.61331E-18
 278.15027  4.57187E-18
 278.25998  4.54002E-18
 278.36981  4.51172E-18
 278.47955  4.48234E-18
 278.58926  4.44875E-18
 278.69910  4.41379E-18
 278.80872  4.37068E-18
 278.91846  4.32136E-18
 279.02808  4.26556E-18
 279.13782  4.21361E-18
 279.24744  4.17175E-18
 279.35706  4.14139E-18
 279.46655  4.12265E-18
 279.57620  4.11106E-18
 279.68573  4.09877E-18
 279.79526  4.07988E-18
 279.90479  4.04939E-18
 280.01431  4.00235E-18
 280.12384  3.93733E-18
 280.23337  3.86406E-18
 280.34277  3.79774E-18
 280.45221  3.74618E-18
 280.56165  3.70761E-18
 280.67108  3.67695E-18
 280.78052  3.65739E-18
 280.88983  3.64530E-18
 280.99918  3.63182E-18
 281.10858  3.60828E-18
 281.21790  3.56666E-18
 281.32721  3.50373E-18
 281.43646  3.43467E-18
 281.54578  3.36591E-18
 281.65503  3.31146E-18
 281.76434  3.26651E-18
 281.87357  3.23260E-18
 281.98282  3.21133E-18
 282.09201  3.19740E-18
 282.20114  3.19076E-18
 282.31036  3.17685E-18
 282.41949  3.15267E-18
 282.52893  3.11610E-18
 282.63806  3.07155E-18
 282.74719  3.03345E-18
 282.85632  3.00480E-18
 282.96542  2.98582E-18
 283.07446  2.97967E-18
 283.18359  2.98290E-18
 283.29260  2.99143E-18
 283.40164  2.98916E-18
 283.51068  2.96135E-18
 283.61969  2.91014E-18
 283.72873  2.84706E-18
 283.83765  2.78405E-18
 283.94666  2.72303E-18
 284.05560  2.66915E-18
 284.16452  2.62794E-18
 284.27347  2.60181E-18
 284.38239  2.58575E-18
 284.49133  2.56734E-18
 284.60016  2.54258E-18
 284.70905  2.51801E-18
 284.81787  2.49538E-18
 284.92670  2.46895E-18
 285.03555  2.43523E-18
 285.14438  2.39389E-18
 285.25320  2.35020E-18
 285.36203  2.30997E-18
 285.47076  2.27926E-18
 285.57956  2.26137E-18
 285.68829  2.25219E-18
 285.79703  2.24604E-18
 285.90576  2.23475E-18
 286.01450  2.21581E-18
 286.12323  2.19174E-18
 286.23193  2.16626E-18
 286.34058  2.13899E-18
 286.44919  2.11020E-18
 286.55789  2.08037E-18
 286.66653  2.05230E-18
 286.77518  2.02714E-18
 286.88379  2.00684E-18
 286.99243  1.99226E-18
 287.10107  1.97893E-18
 287.20959  1.96335E-18
 287.31818  1.94254E-18
 287.42673  1.91407E-18
 287.53525  1.87712E-18
 287.64377  1.83680E-18
 287.75232  1.79715E-18
 287.86084  1.76219E-18
 287.96936  1.73197E-18
 288.07779  1.70740E-18
 288.18634  1.68591E-18
 288.29474  1.66628E-18
 288.40326  1.64968E-18
 288.51169  1.63549E-18
 288.62012  1.62079E-18
 288.72855  1.60392E-18
 288.83698  1.58425E-18
 288.94540  1.56295E-18
 289.05374  1.54272E-18
 289.16214  1.52431E-18
 289.27048  1.50611E-18
 289.37881  1.48622E-18
 289.48724  1.46478E-18
 289.59558  1.44209E-18
 289.70389  1.42074E-18
 289.81223  1.40438E-18
 289.92056  1.39124E-18
 290.02875  1.37921E-18
 290.13708  1.36441E-18
 290.24533  1.34819E-18
 290.35364  1.33266E-18
 290.46188  1.32010E-18
 290.57010  1.30824E-18
 290.67844  1.29506E-18
 290.78668  1.27956E-18
 290.89487  1.26234E-18
 291.00299  1.24402E-18
 291.11124  1.22482E-18
 291.21945  1.20569E-18
 291.32761  1.18565E-18
 291.43582  1.16490E-18
 291.54395  1.14227E-18
 291.65219  1.11819E-18
 291.76028  1.09767E-18
 291.86841  1.08244E-18
 291.97656  1.06976E-18
 292.08469  1.05596E-18
 292.19281  1.04174E-18
 292.30093  1.02915E-18
 292.40897  1.02049E-18
 292.51709  1.01454E-18
 292.62509  1.00894E-18
 292.73325  1.00079E-18
 292.84128  9.88755E-19
 292.94928  9.73982E-19
 293.05731  9.57252E-19
 293.16547  9.40850E-19
 293.27350  9.24583E-19
 293.38150  9.08317E-19
 293.48941  8.91184E-19
 293.59744  8.74449E-19
 293.70547  8.58525E-19
 293.81342  8.44431E-19
 293.92145  8.34041E-19
 294.02936  8.26818E-19
 294.13739  8.21231E-19
 294.24533  8.14593E-19
 294.35324  8.04909E-19
 294.46115  7.94994E-19
 294.56909  7.86640E-19
 294.67703  7.76838E-19
 294.78494  7.66572E-19
 294.89288  7.55853E-19
 295.00082  7.44803E-19
 295.10864  7.32419E-19
 295.21655  7.18168E-19
 295.32446  7.03427E-19
 295.43231  6.89230E-19
 295.54022  6.76031E-19
 295.64807  6.66595E-19
 295.75589  6.59590E-19
 295.86374  6.52258E-19
 295.97156  6.43675E-19
 296.07947  6.32698E-19
 296.18719  6.19109E-19
 296.29501  6.06339E-19
 296.40286  5.97606E-19
 296.51068  5.92761E-19
 296.61850  5.89941E-19
 296.72623  5.87172E-19
 296.83408  5.82140E-19
 296.94177  5.73941E-19
 297.04959  5.62465E-19
 297.15732  5.50847E-19
 297.26517  5.41226E-19
 297.37289  5.32533E-19
 297.48062  5.23417E-19
 297.58835  5.14189E-19
 297.69608  5.05179E-19
 297.80380  4.96931E-19
 297.91150  4.88861E-19
 298.01926  4.81476E-19
 298.12698  4.75048E-19
 298.23471  4.69613E-19
 298.34244  4.64418E-19
 298.45007  4.57864E-19
 298.55780  4.52309E-19
 298.66553  4.48532E-19
 298.77313  4.45094E-19
 298.88086  4.40730E-19
 298.98849  4.34583E-19
 299.09613  4.26717E-19
 299.20386  4.17856E-19
 299.31149  4.08920E-19
 299.41910  4.00209E-19
 299.52673  3.92176E-19
 299.63443  3.84621E-19
 299.74207  3.78521E-19
 299.84961  3.74475E-19
 299.95724  3.71586E-19
 300.06485  3.68377E-19
 300.17249  3.64246E-19
 300.28012  3.58764E-19
 300.38776  3.53947E-19
 300.49527  3.50035E-19
 300.60287  3.46124E-19
 300.71051  3.41662E-19
 300.81805  3.35398E-19
 300.92569  3.28355E-19
 301.03320  3.21206E-19
 301.14084  3.13638E-19
 301.24838  3.07446E-19
 301.35587  3.02622E-19
 301.46350  2.97981E-19
 301.57101  2.93812E-19
 301.67856  2.90979E-19
 301.78610  2.89124E-19
 301.89362  2.87609E-19
 302.00116  2.85109E-19
 302.10880  2.82077E-19
 302.21622  2.78349E-19
 302.32370  2.74412E-19
 302.43124  2.69977E-19
 302.53879  2.64819E-19
 302.64630  2.59449E-19
 302.75385  2.54202E-19
 302.86136  2.48638E-19
 302.96881  2.43131E-19
 303.07632  2.38088E-19
 303.18384  2.34123E-19
 303.29126  2.31015E-19
 303.39877  2.28348E-19
 303.50623  2.25925E-19
 303.61374  2.23567E-19
 303.72119  2.21238E-19
 303.82870  2.20326E-19
 303.93613  2.19824E-19
 304.04355  2.19051E-19
 304.15106  2.16715E-19
 304.25851  2.12815E-19
 304.36594  2.09119E-19
 304.47345  2.05686E-19
 304.58090  2.02258E-19
 304.68832  1.97746E-19
 304.79575  1.92875E-19
 304.90320  1.88079E-19
 305.01059  1.83614E-19
 305.11801  1.79510E-19
 305.22543  1.75768E-19
 305.33289  1.72426E-19
 305.44031  1.69804E-19
 305.54773  1.68260E-19
 305.65518  1.67709E-19
 305.76260  1.67378E-19
 305.87000  1.65980E-19
 305.97733  1.64022E-19
 306.08475  1.62269E-19
 306.19220  1.62089E-19
 306.29962  1.62098E-19
 306.40695  1.60594E-19
 306.51437  1.57299E-19
 306.62183  1.53647E-19
 306.72913  1.50797E-19
 306.83655  1.48348E-19
 306.94388  1.45240E-19
 307.05130  1.41034E-19
 307.15863  1.36741E-19
 307.26605  1.32929E-19
 307.37338  1.30189E-19
 307.48083  1.27495E-19
 307.58817  1.25365E-19
 307.69547  1.23633E-19
 307.80289  1.23128E-19
 307.91022  1.23497E-19
 308.01764  1.23333E-19
 308.12497  1.23047E-19
 308.23230  1.22378E-19
 308.33975  1.20034E-19
 308.44708  1.16969E-19
 308.55438  1.15214E-19
 308.66171  1.15751E-19
 308.76904  1.15605E-19
 308.87637  1.14532E-19
 308.98370  1.12715E-19
 309.09113  1.11501E-19
 309.19846  1.09088E-19
 309.30579  1.06207E-19
 309.41312  1.02610E-19
 309.52042  9.76944E-20
 309.62775  9.41293E-20
 309.73508  9.20939E-20
 309.84241  9.10731E-20
 309.94974  9.04087E-20
 310.05707  8.98635E-20
 310.16440  9.00866E-20
 310.27173  9.07654E-20
 310.37903  9.01966E-20
 310.48636  8.79049E-20
 310.59360  8.55526E-20
 310.70093  8.46539E-20
 310.80826  8.40384E-20
 310.91559  8.27329E-20
 311.02292  8.19087E-20
 311.13025  8.11152E-20
 311.23746  8.13343E-20
 311.34476  8.20873E-20
 311.45209  8.20421E-20
 311.55942  8.03465E-20
 311.66675  7.78557E-20
 311.77399  7.51127E-20
 311.88132  7.26053E-20
 311.98865  7.05284E-20
 312.09589  6.87747E-20
 312.20322  6.76276E-20
 312.31052  6.65128E-20
 312.41776  6.50512E-20
 312.52509  6.34826E-20
 312.63229  6.21950E-20
 312.73962  6.11901E-20
 312.84695  6.03223E-20
 312.95428  6.00839E-20
 313.06152  5.95861E-20
 313.16882  5.89005E-20
 313.27606  5.90061E-20
 313.38339  6.09596E-20
 313.49063  6.26530E-20
 313.59796  6.30542E-20
 313.70517  6.20415E-20
 313.81250  6.04589E-20
 313.91974  5.83748E-20
 314.02707  5.67169E-20
 314.13428  5.46272E-20
 314.24161  5.25806E-20
 314.34885  5.04821E-20
 314.45618  4.84588E-20
 314.56339  4.66803E-20
 314.67072  4.58654E-20
 314.74173  4.41282E-20
 314.85806  4.40319E-20
 314.97440  4.36585E-20
 315.09073  4.31885E-20
 315.20694  4.32453E-20
 315.32318  4.44725E-20
 315.43942  4.65196E-20
 315.55563  4.78154E-20
 315.67178  4.72643E-20
 315.78799  4.52685E-20
 315.90414  4.28044E-20
 316.02026  4.05010E-20
 316.13638  3.89845E-20
 316.25241  3.78378E-20
 316.36856  3.67715E-20
 316.48459  3.54334E-20
 316.60062  3.40231E-20
 316.71664  3.29069E-20
 316.83258  3.27777E-20
 316.94861  3.37593E-20
 317.06454  3.48411E-20
 317.18048  3.50084E-20
 317.29639  3.43154E-20
 317.41223  3.41427E-20
 317.52814  3.54559E-20
 317.64395  3.67049E-20
 317.75980  3.61951E-20
 317.87561  3.42262E-20
 317.99146  3.25864E-20
 318.10718  3.14630E-20
 318.22302  2.99327E-20
 318.33875  2.79279E-20
 318.45447  2.60497E-20
 318.57019  2.47823E-20
 318.68582  2.39747E-20
 318.80157  2.32210E-20
 318.91721  2.23243E-20
 319.03284  2.14566E-20
 319.14847  2.11775E-20
 319.26410  2.22299E-20
 319.37961  2.47024E-20
 319.49515  2.69276E-20
 319.61069  2.72615E-20
 319.72620  2.63039E-20
 319.84174  2.59769E-20
 319.95728  2.73752E-20
 320.07269  2.84113E-20
 320.18811  2.72169E-20
 320.30353  2.48072E-20
 320.41895  2.25344E-20
 320.53439  2.10973E-20
 320.64972  2.00176E-20
 320.76514  1.85729E-20
 320.88049  1.69494E-20
 320.99582  1.55701E-20
 321.11115  1.47005E-20
 321.22638  1.44186E-20
 321.34171  1.45698E-20
 321.45694  1.47402E-20
 321.57217  1.45546E-20
 321.68741  1.42856E-20
 321.80261  1.47829E-20
 321.91776  1.71128E-20
 322.03299  2.05435E-20
 322.14813  2.19436E-20
 322.26324  2.09200E-20
 322.37839  1.92855E-20
 322.49350  1.85687E-20
 322.60855  1.99046E-20
 322.72366  2.11194E-20
 322.83868  2.01156E-20
 322.95370  1.81173E-20
 323.06873  1.60639E-20
 323.18365  1.41947E-20
 323.29871  1.26354E-20
 323.41364  1.13700E-20
 323.52856  1.03076E-20
 323.64349  9.40245E-21
 323.75842  8.66428E-21
 323.87335  8.21696E-21
 323.98819  8.21639E-21
 324.10312  8.89699E-21
 324.21793  9.77845E-21
 324.33276  1.00983E-20
 324.44760  1.00029E-20
 324.56244  1.00330E-20
 324.67715  1.10466E-20
 324.79190  1.40449E-20
 324.90671  1.63397E-20
 325.02145  1.59209E-20
 325.13617  1.44586E-20
 325.25079  1.29507E-20
 325.36551  1.20688E-20
 325.48026  1.24412E-20
 325.59488  1.27164E-20
 325.70950  1.18659E-20
 325.82413  1.06042E-20
 325.93866  9.39983E-21
 326.05328  8.33721E-21
 326.16794  7.48759E-21
 326.28244  6.81680E-21
 326.39697  6.33032E-21
 326.51151  5.93558E-21
 326.62604  5.55321E-21
 326.74048  5.24749E-21
 326.85501  5.11026E-21
 326.96945  5.40286E-21
 327.08386  6.45544E-21
 327.19830  7.51868E-21
 327.31274  7.75554E-21
 327.42715  7.43139E-21
 327.54150  7.03757E-21
 327.65588  7.15440E-21
 327.77023  8.68049E-21
 327.88455  1.09554E-20
 327.99887  1.19813E-20
 328.11322  1.14477E-20
 328.22754  1.02806E-20
 328.34177  9.05613E-21
 328.45612  7.94662E-21
 328.57034  6.97863E-21
 328.68457  6.09304E-21
 328.79880  5.33551E-21
 328.91293  4.69753E-21
 329.02716  4.20959E-21
 329.14130  3.79255E-21
 329.25552  3.46535E-21
 329.36966  3.21185E-21
 329.48376  3.11267E-21
 329.59790  3.16316E-21
 329.71194  3.19372E-21
 329.82608  3.12564E-21
 329.94022  3.04688E-21
 330.05420  3.17450E-21
 330.16824  3.83204E-21
 330.28226  5.25428E-21
 330.39630  6.19242E-21
 330.51022  6.14506E-21
 330.62427  5.71218E-21
 330.73819  5.27926E-21
 330.85220  5.16674E-21
 330.96616  5.93138E-21
 331.08008  7.19617E-21
 331.19400  7.34114E-21
 331.30783  6.73880E-21
 331.42175  5.96233E-21
 331.53558  5.19997E-21
 331.64941  4.55650E-21
 331.76324  3.99494E-21
 331.87708  3.49369E-21
 331.99091  3.05241E-21
 332.10474  2.69316E-21
 332.21857  2.39491E-21
 332.33228  2.17184E-21
 332.44601  1.98844E-21
 332.55975  1.86527E-21
 332.67358  1.80459E-21
 332.78720  1.86711E-21
 332.90094  2.10300E-21
 333.01468  2.31373E-21
 333.12830  2.43118E-21
 333.24191  2.47505E-21
 333.35565  2.49658E-21
 333.46930  2.75850E-21
 333.58292  3.69502E-21
 333.69653  4.83739E-21
 333.81009  5.11144E-21
 333.92371  4.85345E-21
 334.03723  4.35955E-21
 334.15076  3.81315E-21
 334.26431  3.31080E-21
 334.37784  2.87935E-21
 334.49133  2.55774E-21
 334.60486  2.35367E-21
 334.71838  2.15773E-21
 334.83182  1.93621E-21
 334.94525  1.71128E-21
 335.05878  1.50670E-21
 335.17221  1.33872E-21
 335.28555  1.19587E-21
 335.39899  1.10987E-21
 335.51239  1.06690E-21
 335.62582  1.05138E-21
 335.73917  1.03098E-21
 335.85251  9.93265E-22
 335.96591  9.64845E-22
 336.07916  1.00196E-21
 336.19247  1.15217E-21
 336.30582  1.42390E-21
 336.41916  1.78093E-21
 336.53238  1.96163E-21
 336.64569  1.92156E-21
 336.75891  1.82564E-21
 336.87213  1.80130E-21
 336.98538  1.95063E-21
 337.09860  2.48030E-21
 337.21182  3.21956E-21
 337.32495  3.40163E-21
 337.43820  3.18546E-21
 337.55133  2.85224E-21
 337.66455  2.50841E-21
 337.77768  2.18592E-21
 337.89120  1.90651E-21
 338.00433  1.65489E-21
 338.11746  1.42925E-21
 338.23050  1.24075E-21
 338.34363  1.07512E-21
 338.45667  9.49125E-22
 338.56970  8.54245E-22
 338.68274  7.93742E-22
 338.79572  7.57287E-22
 338.90875  7.28067E-22
 339.02179  7.02075E-22
 339.13483  6.81007E-22
 339.24786  6.97247E-22
 339.36078  7.74261E-22
 339.47372  8.39988E-22
 339.58664  8.50354E-22
 339.69958  8.34722E-22
 339.81250  8.50700E-22
 339.92545  9.79685E-22
 340.03836  1.33134E-21
 340.15131  1.67472E-21
 340.26413  1.72626E-21
 340.37704  1.61027E-21
 340.48990  1.43876E-21
 340.60272  1.25933E-21
 340.71555  1.09344E-21
 340.82837  9.47596E-22
 340.94119  8.22411E-22
 341.05389  7.16384E-22
 341.16675  6.26722E-22
 341.27948  5.52958E-22
 341.39230  4.93014E-22
 341.50504  4.42518E-22
 341.61777  4.05309E-22
 341.73050  3.77242E-22
 341.84323  3.63022E-22
 341.95596  3.61832E-22
 342.06870  3.71951E-22
 342.18130  3.68512E-22
 342.29404  3.46475E-22
 342.40668  3.20091E-22
 342.51932  3.02579E-22
 342.63205  2.97173E-22
 342.74466  3.16587E-22
 342.85721  3.65512E-22
 342.96979  4.11178E-22
 343.08243  4.62952E-22
 343.19495  5.26718E-22
 343.30759  5.46130E-22
 343.42010  5.32505E-22
 343.53275  5.26167E-22
 343.64529  5.53536E-22
 343.75781  6.59949E-22
 343.87033  9.26133E-22
 343.98276  1.20656E-21
 344.09531  1.25645E-21
 344.20782  1.17563E-21
 344.32025  1.05241E-21
 344.43280  9.23472E-22
 344.54523  8.02934E-22
 344.65765  6.97424E-22
 344.77017  6.09701E-22
 344.88263  5.37586E-22
 344.99490  4.76050E-22
 345.10736  4.21178E-22
 345.21979  3.79104E-22
 345.33209  3.53516E-22
 345.44455  3.35196E-22
 345.55685  3.32403E-22
 345.66931  3.39886E-22
 345.78162  3.33045E-22
 345.89395  3.08913E-22
 346.00629  2.78481E-22
 346.11853  2.50922E-22
 346.23087  2.31121E-22
 346.34317  2.21215E-22
 346.45541  2.16196E-22
 346.56775  2.08169E-22
 346.67996  1.99530E-22
 346.79221  1.95392E-22
 346.90445  2.04144E-22
 347.01672  2.42729E-22
 347.12888  3.29132E-22
 347.24109  4.04210E-22
 347.35333  4.09556E-22
 347.46555  3.80130E-22
 347.57770  3.40299E-22
 347.68991  2.99252E-22
 347.80206  2.61198E-22
 347.91418  2.27541E-22
 348.02640  1.98351E-22
 348.13843  1.73613E-22
 348.25058  1.54227E-22
 348.36270  1.37798E-22
 348.47482  1.27920E-22
 348.58698  1.23688E-22
 348.69901  1.21897E-22
 348.81113  1.15702E-22
 348.92313  1.06644E-22
 349.03516  9.87754E-23
 349.14728  9.34136E-23
 349.25931  9.57697E-23
 349.37134  1.12221E-22
 349.48337  1.34115E-22
 349.59540  1.40511E-22
 349.70734  1.34031E-22
 349.81937  1.24524E-22
 349.93130  1.15382E-22
 350.04333  1.09237E-22
 350.15527  1.09806E-22
 350.26718  1.11570E-22
 350.37921  1.10198E-22
 350.49115  1.07040E-22
 350.60297  1.05031E-22
 350.71500  1.03713E-22
 350.82681  1.02908E-22
 350.93875  1.06390E-22
 351.05066  1.21043E-22
 351.16251  1.60525E-22
 351.27444  2.40589E-22
 351.38626  3.27773E-22
 351.49811  3.55582E-22
 351.60992  3.41675E-22
 351.72174  3.11610E-22
 351.83359  2.77323E-22
 351.94540  2.43201E-22
 352.05725  2.12261E-22
 352.16907  1.86051E-22
 352.28082  1.66886E-22
 352.39264  1.55618E-22
 352.50436  1.52019E-22
 352.61621  1.48891E-22
 352.72794  1.39365E-22
 352.83963  1.25637E-22
 352.95135  1.11497E-22
 353.06308  9.91055E-23
 353.17484  8.86976E-23
 353.28656  8.25972E-23
 353.39819  7.80788E-23
 353.50992  7.11473E-23
 353.62164  6.41263E-23
 353.73328  5.70314E-23
 353.84500  5.05526E-23
 353.95663  4.52561E-23
 354.06827  4.08038E-23
 354.17990  3.77946E-23
 354.29153  3.58245E-23
 354.40317  3.54290E-23
 354.51480  3.57164E-23
 354.62640  3.74485E-23
 354.73801  4.18493E-23
 354.84955  4.88511E-23
 354.96118  5.58961E-23
 355.07272  5.81069E-23
 355.18433  5.65571E-23
 355.29587  5.33572E-23
 355.40741  4.84698E-23
 355.51892  4.33363E-23
 355.63046  3.90245E-23
 355.74200  3.55002E-23
 355.85352  3.38789E-23
 355.96506  3.27140E-23
 356.07660  3.05640E-23
 356.18802  2.76281E-23
 356.29956  2.55459E-23
 356.41098  2.51175E-23
 356.52249  2.80967E-23
 356.63391  3.65153E-23
 356.74533  4.58165E-23
 356.85678  4.86799E-23
 356.96820  4.62361E-23
 357.07962  4.24422E-23
 357.19107  3.82205E-23
 357.30249  3.48081E-23
 357.41391  3.51226E-23
 357.52524  3.54958E-23
 357.63669  3.38960E-23
 357.74811  3.11269E-23
 357.85944  2.78577E-23
 357.97076  2.56394E-23
 358.08209  2.29001E-23
 358.19354  2.09494E-23
 358.30487  1.92993E-23
 358.41617  1.76911E-23
 358.52750  1.60824E-23
 358.63882  1.54489E-23
 358.75015  1.47232E-23
 358.86139  1.62397E-23
 358.97272  1.86713E-23
 359.08395  2.22155E-23
 359.19528  2.95772E-23
 359.30652  4.10411E-23
 359.41785  5.36933E-23
 359.52908  6.00043E-23
 359.64029  6.00769E-23
 359.75153  5.68167E-23
 359.86276  5.20806E-23
 359.97400  4.77786E-23
 360.08524  4.50167E-23
 360.19644  4.42920E-23
 360.30765  4.27869E-23
 360.41879  3.88825E-23
 360.53000  3.48068E-23
 360.64124  3.05356E-23
 360.75238  2.71636E-23
 360.86349  2.44813E-23
 360.97473  2.25335E-23
 361.08588  2.08167E-23
 361.19699  1.89948E-23
 361.30814  1.69753E-23
 361.41925  1.52398E-23
 361.53040  1.35037E-23
 361.64151  1.15591E-23
 361.75256  1.01731E-23
 361.86368  8.49146E-24
 361.97482  7.87707E-24
 362.08582  6.66835E-24
 362.19693  6.40885E-24
 362.30798  6.30013E-24
 362.41910  5.69824E-24
 362.53012  4.73088E-24
 362.64117  4.46277E-24
 362.75220  4.18210E-24
 362.86322  3.98310E-24
 362.97424  3.76462E-24
 363.08530  4.42438E-24
 363.19632  4.52084E-24
 363.30734  4.22607E-24
 363.41837  4.62625E-24
 363.52930  4.70443E-24
 363.64035  5.20997E-24
 363.75128  5.23970E-24
 363.86230  4.56775E-24
 363.97321  4.19701E-24
 364.08414  4.18951E-24
 364.19516  4.05866E-24
 364.30609  4.68147E-24
 364.41702  4.99238E-24
 364.52795  6.90689E-24
 364.63889  1.01360E-23
 364.74982  1.29088E-23
 364.86066  1.36779E-23
 364.97159  1.35191E-23
 365.08249  1.22384E-23
 365.19333  1.14433E-23
 365.30426  1.05030E-23
 365.41510  1.04326E-23
 365.52603  1.15325E-23
 365.63687  1.13729E-23
 365.74765  1.07270E-23
 365.85858  9.86918E-24
 365.96942  8.69218E-24
 366.08026  7.94815E-24
 366.19107  6.64685E-24
 366.30191  6.42273E-24
 366.41263  5.51734E-24
 366.52347  4.87196E-24
 366.63431  4.38155E-24
 366.74512  3.64216E-24
 366.85587  3.59404E-24
 366.96671  3.04405E-24
 367.07742  2.30264E-24
 367.18826  2.12396E-24
 367.29898  1.72068E-24
 367.40973  1.66442E-24
 367.52054  1.01055E-24
 367.63126  1.19738E-24
 367.74197  1.56588E-24
 367.85269  1.54879E-24
 367.96344  1.41287E-24
 368.07416  2.24213E-24
 368.18478  3.20480E-24
 368.29553  3.88836E-24
 368.40625  5.07350E-24
 368.51688  5.91676E-24
 368.62762  6.16699E-24
 368.73825  6.33003E-24
 368.84897  5.97312E-24
 368.95963  5.38659E-24
 369.07025  4.83463E-24
 369.18097  4.16114E-24
 369.29160  3.59494E-24
 369.40219  2.95387E-24
 369.51285  3.13516E-24
 369.62347  2.45049E-24
 369.73410  1.90453E-24
 369.84473  1.74618E-24
 369.95535  1.14539E-24
 370.06589  1.31236E-24
 370.17651  1.12312E-24
 370.28714  8.86705E-25
 370.39767  2.21195E-25
 370.50830  9.19714E-26
 370.61884  2.43282E-25
 370.95053  1.49875E-25
 373.38113  6.55282E-25
 373.49158  6.98105E-25
 373.60199  8.87285E-25
 373.71234  5.48213E-25
 373.82275  9.38488E-25
 373.93320  1.05127E-24
 374.04352  8.70976E-25
 374.15396  1.17639E-24
 374.26428  1.34739E-24
 374.37460  1.57576E-24
 374.48505  1.12913E-24
 374.59537  1.29191E-24
 374.70569  1.04314E-24
 374.81610  1.15119E-24
 374.92642  7.68002E-25
 375.03677  1.00255E-24
 375.14709  7.17477E-25
 375.25742  7.78010E-25
 375.36765  2.49546E-25
 375.47800  7.08298E-26
 375.58832  2.22998E-25
 375.69864  4.19471E-25
 375.80887  4.21258E-25
 375.91922  2.32710E-25
 376.25000  1.87862E-25
 376.36032  2.16980E-25
 376.47052  4.81665E-25
 376.58075  6.82760E-25
 376.69101  6.81192E-25
 376.80124  6.38923E-25
 376.91147  7.69962E-25
 377.02170  9.40530E-25
 377.13193  5.66388E-25
 377.24216  8.06623E-25
 377.35239  1.08766E-24
 377.46262  1.07046E-24
 377.57285  7.47275E-25
 377.68298  1.02770E-24
 377.79321  1.29964E-24
 377.90344  1.13503E-24
 378.01355  1.16414E-24
 378.12369  1.30518E-24
 378.23389  1.56516E-24
 378.34402  1.40862E-24
 378.45416  1.36352E-24
 378.56427  1.64229E-24
 378.67450  1.65363E-24
 378.78464  2.34326E-24
 378.89478  2.23452E-24
 379.00491  2.16953E-24
 379.11502  2.79369E-24
 379.22516  2.31136E-24
 379.33530  1.99026E-24
 379.44531  3.04528E-24
 379.55545  2.84228E-24
 379.66559  3.10398E-24
 379.77560  2.95682E-24
 379.88574  3.02288E-24
 379.99576  3.06614E-24
 380.10587  3.76124E-24
 380.21591  3.07061E-24
 380.32605  3.39209E-24
 380.43607  3.34718E-24
 380.54611  3.68671E-24
 380.65613  3.53573E-24
 380.76617  3.22254E-24
 380.87628  4.19717E-24
 380.98633  3.81101E-24
 381.09634  3.96556E-24
 381.20630  3.97618E-24
 381.31631  4.09153E-24
 381.42636  3.96345E-24
 381.53638  4.32067E-24
 381.64636  4.15371E-24
 381.75632  3.84317E-24
 381.86633  4.33360E-24
 381.97626  4.33152E-24
 382.08630  4.23578E-24
 382.19623  4.03448E-24
 382.30627  4.64708E-24
 382.41620  4.27865E-24
 382.52612  4.52025E-24
 382.63605  4.56026E-24
 382.74609  4.29837E-24
 382.85593  4.14782E-24
 382.96594  4.45460E-24
 383.07587  4.31998E-24
 383.18579  4.33526E-24
 383.29575  4.27225E-24
 383.40555  4.42189E-24
 383.51547  4.29187E-24
 383.62540  4.29024E-24
 383.73523  3.96738E-24
 383.84515  3.81838E-24
 383.95508  3.76894E-24
 384.06491  3.50298E-24
 384.17484  3.39047E-24
 384.28467  3.49552E-24
 384.39450  3.31175E-24
 384.50443  3.60902E-24
 384.61426  3.16466E-24
 384.72409  2.71818E-24
 384.83392  2.96728E-24
 384.94376  3.06199E-24
 385.05359  2.70916E-24
 385.16339  3.00541E-24
 385.27322  2.46682E-24
 385.38306  2.66911E-24
 385.49289  2.85370E-24
 385.60272  2.74064E-24
 385.71243  2.32391E-24
 385.82227  2.48268E-24
 385.93210  2.69796E-24
 386.04184  2.28355E-24
 386.15167  2.28389E-24
 386.26138  2.04631E-24
 386.37122  2.42122E-24
 386.48096  2.64872E-24
 386.59070  2.70875E-24
 386.70053  2.28483E-24
 386.81021  2.81317E-24
 386.91995  2.66747E-24
 387.02969  2.69075E-24
 387.13940  2.66591E-24
 387.24915  3.21847E-24
 387.35889  2.96710E-24
 387.46860  2.77078E-24
 387.57825  2.51655E-24
 387.68796  3.13446E-24
 387.79770  3.02446E-24
 387.90741  2.76884E-24
 388.01706  3.01308E-24
 388.12680  2.94434E-24
 388.23642  3.15683E-24
 388.34616  3.10511E-24
 388.45578  3.21776E-24
 388.56549  2.94869E-24
 388.67511  3.67683E-24
 388.78473  2.90013E-24
 388.89438  3.34096E-24
 389.00400  3.33779E-24
 389.11362  3.54773E-24
 389.22336  3.06427E-24
 389.33298  2.77094E-24
 389.44254  3.27288E-24
 389.55215  2.71615E-24
 389.66177  3.15754E-24
 389.77142  3.91856E-24
 389.88104  3.14312E-24
 389.99057  3.52236E-24
 390.10019  3.87488E-24
 390.20972  3.67736E-24
 390.31934  3.76698E-24
 390.42886  3.96481E-24
 390.53848  3.73302E-24
 390.64804  3.67687E-24
 390.75757  3.86383E-24
 390.86719  3.97744E-24
 390.97672  4.46451E-24
 391.08624  4.47854E-24
 391.19577  4.57009E-24
 391.30530  4.49403E-24
 391.41483  4.52711E-24
 391.52438  4.49778E-24
 391.63391  4.80693E-24
 391.74344  4.77239E-24
 391.85287  4.87554E-24
 391.96237  5.60863E-24
 392.07190  5.53099E-24
 392.18134  5.84512E-24
 392.29086  5.69234E-24
 392.40039  5.85458E-24
 392.50983  5.79274E-24
 392.61923  5.77115E-24
 392.72879  5.94249E-24
 392.83820  6.16547E-24
 392.94763  6.91522E-24
 393.05716  6.64751E-24
 393.16660  6.75571E-24
 393.27603  7.06374E-24
 393.38547  7.55238E-24
 393.49490  7.63027E-24
 393.60428  7.94265E-24
 393.71371  8.16677E-24
 393.82306  8.12744E-24
 393.93250  8.45222E-24
 394.04190  8.83826E-24
 394.15134  9.04788E-24
 394.26068  9.24095E-24
 394.37012  9.93424E-24
 394.47943  1.01280E-23
 394.58887  1.02818E-23
 394.69818  1.07592E-23
 394.80753  1.11901E-23
 394.91696  1.14832E-23
 395.02628  1.11910E-23
 395.13562  1.14167E-23
 395.24490  1.10621E-23
 395.35425  1.18534E-23
 395.46359  1.12296E-23
 395.57291  1.15180E-23
 395.68225  1.13352E-23
 395.79156  1.16698E-23
 395.90091  1.16135E-23
 396.01022  1.18416E-23
 396.11945  1.21709E-23
 396.22879  1.15391E-23
 396.33813  1.19851E-23
 396.44736  1.18753E-23
 396.55667  1.17170E-23
 396.66592  1.15874E-23
 396.77524  1.12138E-23
 396.88446  1.19384E-23
 396.99368  1.18395E-23
 397.10291  1.20179E-23
 397.21225  1.16948E-23
 397.32138  1.21497E-23
 397.43069  1.17633E-23
 397.53992  1.16367E-23
 397.64917  1.19719E-23
 397.75830  1.20009E-23
 397.86752  1.22895E-23
 397.97675  1.23588E-23
 398.08597  1.23568E-23
 398.19522  1.23894E-23
 398.30435  1.24334E-23
 398.41357  1.22321E-23
 398.52271  1.23753E-23
 398.63190  1.23330E-23
 398.74103  1.28986E-23
 398.85016  1.26656E-23
 398.95938  1.29792E-23
 399.06851  1.26098E-23
 399.17764  1.30070E-23
 399.28677  1.27636E-23
 399.39590  1.36027E-23
 399.50504  1.36092E-23
 399.61417  1.30728E-23
 399.72330  1.39256E-23
 399.83243  1.36560E-23
 399.94156  1.39443E-23
 400.05060  1.36153E-23
 400.14240  1.36144E-23
 400.44250  1.50992E-23
 400.74258  1.54720E-23
 401.04263  1.52222E-23
 401.34274  1.52847E-23
 401.64279  1.60595E-23
 401.94290  1.65080E-23
 402.24295  1.70228E-23
 402.54303  1.69887E-23
 402.84314  1.69904E-23
 403.14319  1.67298E-23
 403.44330  1.63125E-23
 403.74335  1.61330E-23
 404.04343  1.64647E-23
 404.34351  1.64982E-23
 404.64359  1.62901E-23
 404.94366  1.62451E-23
 405.24374  1.63070E-23
 405.54382  1.66956E-23
 405.84390  1.73223E-23
 406.14398  1.78708E-23
 406.44406  1.84152E-23
 406.74414  1.94483E-23
 407.04419  2.08960E-23
 407.34430  2.22268E-23
 407.64438  2.32983E-23
 407.94446  2.43921E-23
 408.24454  2.52825E-23
 408.54459  2.59663E-23
 408.84470  2.63813E-23
 409.14478  2.72697E-23
 409.44485  2.78059E-23
 409.74493  2.82077E-23
 410.04498  2.80782E-23
 410.34509  2.81253E-23
 410.64514  2.82060E-23
 410.94525  2.82569E-23
 411.24533  2.81765E-23
 411.54538  2.80948E-23
 411.84549  2.78523E-23
 412.14554  2.74432E-23
 412.44565  2.65623E-23
 412.74570  2.58469E-23
 413.04578  2.49897E-23
 413.34589  2.48312E-23
 413.64594  2.47254E-23
 413.94604  2.56975E-23
 414.24609  2.65348E-23
 414.54617  2.74598E-23
 414.84625  2.84538E-23
 415.14633  2.97985E-23
 415.44644  3.12119E-23
 415.74649  3.24405E-23
 416.04657  3.36140E-23
 416.34665  3.44698E-23
 416.64673  3.51987E-23
 416.94681  3.62344E-23
 417.24689  3.71025E-23
 417.54697  3.76971E-23
 417.84705  3.79637E-23
 418.14713  3.81013E-23
 418.44720  3.75401E-23
 418.74728  3.68167E-23
 419.04736  3.66096E-23
 419.34744  3.64590E-23
 419.64752  3.65501E-23
 419.94760  3.70346E-23
 420.24768  3.75503E-23
 420.54773  3.79455E-23
 420.84784  3.88101E-23
 421.14792  4.06398E-23
 421.44800  4.26830E-23
 421.74808  4.47782E-23
 422.04813  4.66213E-23
 422.34824  4.87670E-23
 422.64832  5.15660E-23
 422.94839  5.45037E-23
 423.24847  5.69282E-23
 423.54852  5.90036E-23
 423.84863  6.14250E-23
 424.14868  6.40560E-23
 424.44879  6.64597E-23
 424.74887  6.83304E-23
 425.04892  7.01829E-23
 425.34903  7.18187E-23
 425.64908  7.25338E-23
 425.94919  7.22031E-23
 426.24924  7.12621E-23
 426.54932  7.10877E-23
 426.84943  7.06979E-23
 427.14948  6.96185E-23
 427.44958  6.76835E-23
 427.74963  6.63646E-23
 428.04971  6.50462E-23
 428.34982  6.37655E-23
 428.64987  6.29558E-23
 428.94998  6.25309E-23
 429.25003  6.21320E-23
 429.55011  6.21206E-23
 429.85022  6.28233E-23
 430.15027  6.37521E-23
 430.45038  6.52264E-23
 430.75043  6.72715E-23
 431.05051  6.99799E-23
 431.35059  7.30126E-23
 431.65067  7.61232E-23
 431.95078  7.89782E-23
 432.25082  8.16060E-23
 432.55090  8.41765E-23
 432.85098  8.54852E-23
 433.15106  8.64718E-23
 433.45117  8.73915E-23
 433.75122  8.80590E-23
 434.05130  8.75660E-23
 434.35138  8.67261E-23
 434.65146  8.56813E-23
 434.95154  8.53246E-23
 435.25162  8.54326E-23
 435.55170  8.55574E-23
 435.85178  8.54532E-23
 436.15186  8.60562E-23
 436.45193  8.74685E-23
 436.75201  8.95109E-23
 437.05209  9.17872E-23
 437.35217  9.47953E-23
 437.65225  9.84632E-23
 437.95233  1.02584E-22
 438.25241  1.07073E-22
 438.55249  1.12376E-22
 438.85257  1.18199E-22
 439.15265  1.23588E-22
 439.45273  1.28506E-22
 439.75281  1.34045E-22
 440.05286  1.40218E-22
 440.19974  1.43512E-22
 440.41068  1.48410E-22
 440.62170  1.52183E-22
 440.83267  1.55865E-22
 441.04364  1.58594E-22
 441.25452  1.63201E-22
 441.46545  1.66265E-22
 441.67633  1.70503E-22
 441.88715  1.73379E-22
 442.09790  1.74718E-22
 442.30878  1.77281E-22
 442.51953  1.78571E-22
 442.73029  1.80117E-22
 442.94104  1.79856E-22
 443.15170  1.79581E-22
 443.36237  1.80054E-22
 443.57300  1.78147E-22
 443.78366  1.77024E-22
 443.99423  1.74352E-22
 444.20477  1.72154E-22
 444.41531  1.69195E-22
 444.62589  1.66319E-22
 444.83633  1.64019E-22
 445.04691  1.60381E-22
 445.25732  1.59041E-22
 445.46771  1.54987E-22
 445.67816  1.52759E-22
 445.88852  1.51026E-22
 446.09897  1.49827E-22
 446.30923  1.47306E-22
 446.51956  1.46782E-22
 446.72983  1.46167E-22
 446.94009  1.45657E-22
 447.15036  1.46646E-22
 447.36063  1.47450E-22
 447.57086  1.49137E-22
 447.78101  1.50285E-22
 447.99106  1.52084E-22
 448.20123  1.54610E-22
 448.41141  1.59268E-22
 448.62146  1.64209E-22
 448.83148  1.67230E-22
 449.04153  1.71872E-22
 449.25162  1.75905E-22
 449.46158  1.80204E-22
 449.67154  1.83981E-22
 449.88147  1.87219E-22
 450.09143  1.91358E-22
 450.30127  1.93341E-22
 450.51123  1.95537E-22
 450.72110  1.96656E-22
 450.93094  1.98520E-22
 451.14081  1.98257E-22
 451.35056  1.98999E-22
 451.56030  1.98054E-22
 451.77008  1.97851E-22
 451.97983  1.97371E-22
 452.18948  1.95922E-22
 452.39923  1.95861E-22
 452.60889  1.94233E-22
 452.81854  1.93998E-22
 453.02823  1.93272E-22
 453.23773  1.91689E-22
 453.44742  1.91715E-22
 453.65695  1.90874E-22
 453.86652  1.91578E-22
 454.07599  1.91801E-22
 454.28552  1.94033E-22
 454.49500  1.95846E-22
 454.70444  1.97506E-22
 454.91391  2.00778E-22
 455.12335  2.05556E-22
 455.33273  2.09603E-22
 455.54205  2.13911E-22
 455.75140  2.18286E-22
 455.96078  2.23459E-22
 456.17014  2.29519E-22
 456.37949  2.35751E-22
 456.58871  2.43139E-22
 456.79800  2.50960E-22
 457.00726  2.58927E-22
 457.21640  2.67174E-22
 457.42566  2.74757E-22
 457.63480  2.82815E-22
 457.84396  2.91150E-22
 458.05313  2.99402E-22
 458.26230  3.07913E-22
 458.47144  3.16012E-22
 458.68051  3.25056E-22
 458.88953  3.33667E-22
 459.09860  3.42444E-22
 459.30765  3.50646E-22
 459.51663  3.58714E-22
 459.72568  3.67178E-22
 459.93460  3.75144E-22
 460.14359  3.82935E-22
 460.35254  3.88756E-22
 460.56149  3.95455E-22
 460.77036  4.01339E-22
 460.97919  4.05457E-22
 461.18814  4.09338E-22
 461.39691  4.12411E-22
 461.60577  4.14144E-22
 461.81464  4.14584E-22
 462.02338  4.14294E-22
 462.23224  4.13319E-22
 462.44098  4.11303E-22
 462.64966  4.07491E-22
 462.85840  4.03744E-22
 463.06717  3.98229E-22
 463.27579  3.94576E-22
 463.48447  3.87810E-22
 463.69312  3.82449E-22
 463.90179  3.76815E-22
 464.11044  3.72013E-22
 464.31897  3.66401E-22
 464.52765  3.60639E-22
 464.73621  3.54995E-22
 464.94476  3.50573E-22
 465.15332  3.46872E-22
 465.36176  3.43366E-22
 465.57031  3.41245E-22
 465.77878  3.38550E-22
 465.98734  3.37254E-22
 466.19580  3.37475E-22
 466.40424  3.37754E-22
 466.61258  3.39619E-22
 466.82104  3.41281E-22
 467.02942  3.44638E-22
 467.23785  3.48616E-22
 467.44620  3.53810E-22
 467.65457  3.59189E-22
 467.86282  3.65454E-22
 468.07117  3.71621E-22
 468.27954  3.77612E-22
 468.48779  3.84579E-22
 468.69604  3.90247E-22
 468.90430  3.96764E-22
 469.11255  4.01802E-22
 469.32083  4.05526E-22
 469.52899  4.10220E-22
 469.73721  4.14348E-22
 469.94537  4.17756E-22
 470.15353  4.19156E-22
 470.36169  4.21315E-22
 470.56985  4.21705E-22
 470.77798  4.22972E-22
 470.98605  4.22892E-22
 471.19421  4.23162E-22
 471.40225  4.23775E-22
 471.61041  4.22376E-22
 471.81845  4.21972E-22
 472.02643  4.21467E-22
 472.23447  4.21638E-22
 472.44254  4.20976E-22
 472.65051  4.20805E-22
 472.85852  4.20738E-22
 473.06650  4.20619E-22
 473.27444  4.21994E-22
 473.48242  4.23582E-22
 473.69037  4.25296E-22
 473.89819  4.28309E-22
 474.10617  4.31971E-22
 474.31412  4.36700E-22
 474.52200  4.42030E-22
 474.72986  4.47643E-22
 474.93768  4.54616E-22
 475.14554  4.62319E-22
 475.35339  4.70574E-22
 475.56128  4.80091E-22
 475.76901  4.89754E-22
 475.97687  5.00675E-22
 476.18463  5.11494E-22
 476.39236  5.24225E-22
 476.60013  5.36469E-22
 476.80789  5.49135E-22
 477.01563  5.62023E-22
 477.22339  5.75052E-22
 477.43115  5.89308E-22
 477.63882  6.02724E-22
 477.84659  6.16119E-22
 478.05423  6.31100E-22
 478.26187  6.45172E-22
 478.46951  6.59668E-22
 478.67719  6.74878E-22
 478.88486  6.90146E-22
 479.09250  7.04183E-22
 479.30005  7.19448E-22
 479.50769  7.34420E-22
 479.71527  7.48700E-22
 479.92291  7.63710E-22
 480.13049  7.77339E-22
 480.33801  7.90473E-22
 480.54556  8.03842E-22
 480.75314  8.15615E-22
 480.96069  8.27066E-22
 481.16827  8.36543E-22
 481.37570  8.45375E-22
 481.58325  8.53965E-22
 481.79080  8.60344E-22
 481.99826  8.64796E-22
 482.20575  8.68913E-22
 482.41318  8.71216E-22
 482.62064  8.72104E-22
 482.82809  8.71057E-22
 483.03555  8.69324E-22
 483.24301  8.65723E-22
 483.45044  8.60853E-22
 483.65781  8.56844E-22
 483.86526  8.50593E-22
 484.07263  8.43187E-22
 484.28009  8.37426E-22
 484.48743  8.28615E-22
 484.69476  8.21294E-22
 484.90225  8.12639E-22
 485.10959  8.05316E-22
 485.31696  7.97713E-22
 485.52420  7.90238E-22
 485.73154  7.83192E-22
 485.93890  7.75969E-22
 486.14627  7.70552E-22
 486.35355  7.64378E-22
 486.56085  7.60057E-22
 486.76813  7.56396E-22
 486.97549  7.54109E-22
 487.18274  7.53035E-22
 487.39001  7.51502E-22
 487.59735  7.51494E-22
 487.80460  7.53306E-22
 488.01187  7.56578E-22
 488.21912  7.59478E-22
 488.42627  7.63625E-22
 488.63361  7.69776E-22
 488.84079  7.75660E-22
 489.04803  7.82211E-22
 489.25531  7.89082E-22
 489.46246  7.96931E-22
 489.66968  8.05215E-22
 489.87686  8.12360E-22
 490.08411  8.19378E-22
 490.29126  8.27108E-22
 490.49844  8.33455E-22
 490.70566  8.39571E-22
 490.91281  8.45157E-22
 491.12000  8.50899E-22
 491.32715  8.55572E-22
 491.53430  8.59332E-22
 491.74142  8.63931E-22
 491.94861  8.66475E-22
 492.15576  8.68954E-22
 492.36292  8.70557E-22
 492.57007  8.72008E-22
 492.77710  8.73970E-22
 492.98428  8.74500E-22
 493.19144  8.75917E-22
 493.39859  8.77270E-22
 493.60565  8.78516E-22
 493.81277  8.79623E-22
 494.01984  8.80702E-22
 494.22702  8.82135E-22
 494.43408  8.84599E-22
 494.64124  8.86741E-22
 494.84827  8.89837E-22
 495.05533  8.93767E-22
 495.26248  8.97785E-22
 495.46954  9.02973E-22
 495.67661  9.08391E-22
 495.88373  9.15373E-22
 496.09079  9.22634E-22
 496.29785  9.30815E-22
 496.50491  9.39457E-22
 496.71198  9.50161E-22
 496.91904  9.60650E-22
 497.12607  9.72704E-22
 497.33322  9.85607E-22
 497.54028  9.99188E-22
 497.74734  1.01394E-21
 497.95441  1.02878E-21
 498.16135  1.04543E-21
 498.36841  1.06087E-21
 498.57547  1.07810E-21
 498.78253  1.09697E-21
 498.98959  1.11441E-21
 499.19662  1.13295E-21
 499.40369  1.15290E-21
 499.61075  1.17226E-21
 499.81781  1.19240E-21
 500.02478  1.21292E-21
 500.23178  1.23386E-21
 500.43884  1.25497E-21
 500.64590  1.27614E-21
 500.85297  1.29776E-21
 501.06003  1.31976E-21
 501.26706  1.34228E-21
 501.47403  1.36351E-21
 501.68109  1.38527E-21
 501.88815  1.40653E-21
 502.09521  1.42776E-21
 502.30225  1.44870E-21
 502.50922  1.46966E-21
 502.71628  1.48995E-21
 502.92334  1.50896E-21
 503.13040  1.52702E-21
 503.33743  1.54480E-21
 503.54449  1.56140E-21
 503.75156  1.57755E-21
 503.95862  1.59200E-21
 504.16556  1.60550E-21
 504.37259  1.61729E-21
 504.57965  1.62791E-21
 504.78671  1.63705E-21
 504.99377  1.64526E-21
 505.20084  1.65138E-21
 505.40787  1.65764E-21
 505.61493  1.66160E-21
 505.82199  1.66409E-21
 506.02905  1.66491E-21
 506.23611  1.66440E-21
 506.44315  1.66322E-21
 506.65021  1.66101E-21
 506.85727  1.65721E-21
 507.06442  1.65279E-21
 507.27148  1.64765E-21
 507.47852  1.64158E-21
 507.68558  1.63468E-21
 507.89273  1.62835E-21
 508.09979  1.62065E-21
 508.30685  1.61207E-21
 508.51401  1.60573E-21
 508.72107  1.59762E-21
 508.92810  1.59043E-21
 509.13528  1.58362E-21
 509.34244  1.57725E-21
 509.54950  1.57076E-21
 509.75662  1.56580E-21
 509.96368  1.56138E-21
 510.17084  1.55764E-21
 510.37802  1.55437E-21
 510.58517  1.55263E-21
 510.79221  1.55046E-21
 510.99936  1.55063E-21
 511.20651  1.55096E-21
 511.41370  1.55231E-21
 511.62085  1.55427E-21
 511.82797  1.55747E-21
 512.03516  1.56135E-21
 512.24237  1.56579E-21
 512.44958  1.57116E-21
 512.65674  1.57816E-21
 512.86401  1.58526E-21
 513.07117  1.59163E-21
 513.27832  1.59979E-21
 513.48553  1.60778E-21
 513.69269  1.61560E-21
 513.89990  1.62490E-21
 514.10718  1.63302E-21
 514.31433  1.64176E-21
 514.52173  1.64978E-21
 514.72888  1.65780E-21
 514.93616  1.66591E-21
 515.14337  1.67420E-21
 515.35077  1.68257E-21
 515.55798  1.68983E-21
 515.76520  1.69690E-21
 515.97260  1.70471E-21
 516.17981  1.71169E-21
 516.38708  1.71886E-21
 516.59448  1.72506E-21
 516.80170  1.73196E-21
 517.00909  1.73757E-21
 517.21643  1.74509E-21
 517.42383  1.75080E-21
 517.63110  1.75666E-21
 517.83844  1.76309E-21
 518.04584  1.76927E-21
 518.25317  1.77510E-21
 518.46063  1.78197E-21
 518.66803  1.78824E-21
 518.87549  1.79506E-21
 519.08282  1.80214E-21
 519.29028  1.80896E-21
 519.49768  1.81692E-21
 519.70514  1.82510E-21
 519.91254  1.83323E-21
 520.12000  1.84203E-21
 520.32751  1.85181E-21
 520.53497  1.86129E-21
 520.74243  1.87117E-21
 520.94989  1.88240E-21
 521.15747  1.89326E-21
 521.36493  1.90623E-21
 521.57263  1.91872E-21
 521.78009  1.93187E-21
 521.98755  1.94534E-21
 522.19525  1.95980E-21
 522.40277  1.97453E-21
 522.61035  1.99081E-21
 522.81793  2.00625E-21
 523.02557  2.02259E-21
 523.23322  2.04031E-21
 523.44092  2.05862E-21
 523.64844  2.07724E-21
 523.85614  2.09545E-21
 524.06390  2.11483E-21
 524.27136  2.13402E-21
 524.47913  2.15401E-21
 524.68677  2.17437E-21
 524.89453  2.19555E-21
 525.10229  2.21556E-21
 525.31006  2.23683E-21
 525.51782  2.25740E-21
 525.72559  2.27887E-21
 525.93335  2.30017E-21
 526.14124  2.32215E-21
 526.34900  2.34391E-21
 526.55670  2.36659E-21
 526.76453  2.38780E-21
 526.97241  2.40980E-21
 527.18030  2.43164E-21
 527.38824  2.45313E-21
 527.59607  2.47503E-21
 527.80396  2.49643E-21
 528.01190  2.51753E-21
 528.21979  2.53914E-21
 528.42773  2.55948E-21
 528.63568  2.57982E-21
 528.84357  2.60001E-21
 529.05164  2.62022E-21
 529.25964  2.64004E-21
 529.46765  2.65934E-21
 529.67572  2.67671E-21
 529.88373  2.69553E-21
 530.09174  2.71260E-21
 530.29993  2.72939E-21
 530.50800  2.74504E-21
 530.71613  2.76118E-21
 530.92432  2.77519E-21
 531.13232  2.78998E-21
 531.34045  2.80293E-21
 531.54865  2.81508E-21
 531.75677  2.82652E-21
 531.96503  2.83777E-21
 532.17334  2.84721E-21
 532.38159  2.85592E-21
 532.58984  2.86438E-21
 532.79810  2.87096E-21
 533.00647  2.87801E-21
 533.21472  2.88403E-21
 533.42303  2.88788E-21
 533.63129  2.89091E-21
 533.83966  2.89418E-21
 534.04797  2.89696E-21
 534.25647  2.89789E-21
 534.46484  2.89808E-21
 534.67328  2.89817E-21
 534.88171  2.89656E-21
 535.09021  2.89521E-21
 535.29865  2.89505E-21
 535.50720  2.89306E-21
 535.71570  2.89199E-21
 535.92432  2.89041E-21
 536.13287  2.88853E-21
 536.34143  2.88679E-21
 536.54999  2.88637E-21
 536.75861  2.88637E-21
 536.96729  2.88540E-21
 537.17596  2.88503E-21
 537.38464  2.88609E-21
 537.59326  2.88751E-21
 537.80206  2.88954E-21
 538.01074  2.89197E-21
 538.21948  2.89572E-21
 538.42828  2.90014E-21
 538.63715  2.90549E-21
 538.84589  2.91103E-21
 539.05475  2.91858E-21
 539.26361  2.92638E-21
 539.47247  2.93422E-21
 539.68140  2.94288E-21
 539.89026  2.95337E-21
 540.09924  2.96343E-21
 540.30823  2.97476E-21
 540.51709  2.98651E-21
 540.72620  2.99797E-21
 540.93524  3.00960E-21
 541.14429  3.02325E-21
 541.35333  3.03579E-21
 541.56244  3.04831E-21
 541.77155  3.06124E-21
 541.98071  3.07511E-21
 542.18988  3.08847E-21
 542.39905  3.10160E-21
 542.60834  3.11454E-21
 542.81744  3.12737E-21
 543.02679  3.14004E-21
 543.23602  3.15302E-21
 543.44531  3.16594E-21
 543.65454  3.17760E-21
 543.86395  3.18960E-21
 544.07336  3.20140E-21
 544.28271  3.21240E-21
 544.49219  3.22320E-21
 544.70166  3.23321E-21
 544.91113  3.24341E-21
 545.12061  3.25315E-21
 545.33008  3.26284E-21
 545.53967  3.27240E-21
 545.74921  3.28070E-21
 545.95880  3.28886E-21
 546.16846  3.29667E-21
 546.37811  3.30534E-21
 546.58777  3.31215E-21
 546.79742  3.31967E-21
 547.00720  3.32648E-21
 547.21686  3.33310E-21
 547.42657  3.34061E-21
 547.63647  3.34674E-21
 547.84613  3.35326E-21
 548.05609  3.36001E-21
 548.26587  3.36550E-21
 548.47583  3.37297E-21
 548.68579  3.37865E-21
 548.89575  3.38514E-21
 549.10571  3.39155E-21
 549.31567  3.39695E-21
 549.52576  3.40304E-21
 549.73584  3.40890E-21
 549.94598  3.41572E-21
 550.15601  3.42146E-21
 550.36615  3.42876E-21
 550.57629  3.43530E-21
 550.78644  3.44151E-21
 550.99683  3.44899E-21
 551.20709  3.45644E-21
 551.41736  3.46295E-21
 551.62762  3.47061E-21
 551.83795  3.47767E-21
 552.04834  3.48568E-21
 552.25867  3.49241E-21
 552.46912  3.50023E-21
 552.67963  3.50836E-21
 552.89014  3.51707E-21
 553.10059  3.52455E-21
 553.31110  3.53360E-21
 553.52167  3.54290E-21
 553.73236  3.55216E-21
 553.94299  3.56154E-21
 554.15369  3.57199E-21
 554.36432  3.58286E-21
 554.57507  3.59300E-21
 554.78583  3.60375E-21
 554.99664  3.61436E-21
 555.20746  3.62580E-21
 555.41821  3.63838E-21
 555.62921  3.65072E-21
 555.84003  3.66424E-21
 556.05096  3.67848E-21
 556.26190  3.69324E-21
 556.47296  3.70641E-21
 556.68396  3.72248E-21
 556.89508  3.73821E-21
 557.10614  3.75508E-21
 557.31732  3.77203E-21
 557.52850  3.78896E-21
 557.73962  3.80763E-21
 557.95093  3.82641E-21
 558.16217  3.84550E-21
 558.37341  3.86595E-21
 558.58472  3.88588E-21
 558.79608  3.90612E-21
 559.00757  3.92642E-21
 559.21893  3.94838E-21
 559.43036  3.96957E-21
 559.64191  3.99115E-21
 559.85339  4.01318E-21
 560.06494  4.03528E-21
 560.27661  4.05736E-21
 560.48816  4.07860E-21
 560.69995  4.10081E-21
 560.91162  4.12343E-21
 561.12335  4.14515E-21
 561.33508  4.16652E-21
 561.54681  4.18792E-21
 561.75867  4.20893E-21
 561.97052  4.23010E-21
 562.18250  4.25023E-21
 562.39435  4.27044E-21
 562.60645  4.28989E-21
 562.81836  4.30870E-21
 563.03046  4.32806E-21
 563.24249  4.34577E-21
 563.45465  4.36351E-21
 563.66681  4.38057E-21
 563.87909  4.39656E-21
 564.09137  4.41300E-21
 564.30353  4.42894E-21
 564.51581  4.44486E-21
 564.72815  4.46001E-21
 564.94055  4.47482E-21
 565.15302  4.48822E-21
 565.36548  4.50205E-21
 565.57794  4.51616E-21
 565.79047  4.53044E-21
 566.00305  4.54386E-21
 566.21558  4.55659E-21
 566.42828  4.56974E-21
 566.64105  4.58220E-21
 566.85370  4.59504E-21
 567.06647  4.60595E-21
 567.27924  4.61807E-21
 567.49213  4.63119E-21
 567.70490  4.64359E-21
 567.91785  4.65579E-21
 568.13080  4.66913E-21
 568.34387  4.68105E-21
 568.55682  4.69432E-21
 568.76990  4.70626E-21
 568.98303  4.71921E-21
 569.19623  4.73240E-21
 569.40936  4.74439E-21
 569.62262  4.75820E-21
 569.83588  4.77119E-21
 570.04926  4.78390E-21
 570.26257  4.79591E-21
 570.47595  4.80776E-21
 570.68939  4.82067E-21
 570.90283  4.83266E-21
 571.11627  4.84411E-21
 571.32983  4.85493E-21
 571.54352  4.86578E-21
 571.75714  4.87659E-21
 571.97083  4.88678E-21
 572.18457  4.89588E-21
 572.39838  4.90435E-21
 572.61212  4.91219E-21
 572.82599  4.91818E-21
 573.03992  4.92481E-21
 573.25378  4.93081E-21
 573.46783  4.93428E-21
 573.68195  4.93911E-21
 573.89600  4.94132E-21
 574.10999  4.94366E-21
 574.32416  4.94366E-21
 574.53833  4.94394E-21
 574.75256  4.94345E-21
 574.96680  4.94068E-21
 575.18121  4.93745E-21
 575.39557  4.93414E-21
 575.60999  4.92951E-21
 575.82446  4.92515E-21
 576.03900  4.91813E-21
 576.25360  4.91292E-21
 576.46814  4.90567E-21
 576.68280  4.89836E-21
 576.89746  4.88976E-21
 577.11224  4.88138E-21
 577.32697  4.87306E-21
 577.54181  4.86430E-21
 577.75665  4.85526E-21
 577.97150  4.84576E-21
 578.18646  4.83613E-21
 578.40155  4.82631E-21
 578.61658  4.81440E-21
 578.83179  4.80571E-21
 579.04694  4.79467E-21
 579.26208  4.78397E-21
 579.47736  4.77319E-21
 579.69263  4.76289E-21
 579.90796  4.75214E-21
 580.12335  4.74148E-21
 580.33881  4.73124E-21
 580.55426  4.72082E-21
 580.76984  4.70936E-21
 580.98535  4.70014E-21
 581.20105  4.68965E-21
 581.41650  4.68027E-21
 581.63232  4.67110E-21
 581.84808  4.66144E-21
 582.06390  4.65230E-21
 582.27979  4.64346E-21
 582.49567  4.63493E-21
 582.71167  4.62657E-21
 582.92767  4.61864E-21
 583.14374  4.61112E-21
 583.35986  4.60442E-21
 583.57605  4.59754E-21
 583.79218  4.59094E-21
 584.00854  4.58383E-21
 584.22485  4.57755E-21
 584.44116  4.57132E-21
 584.65753  4.56630E-21
 584.87408  4.56109E-21
 585.09070  4.55631E-21
 585.30725  4.55166E-21
 585.52374  4.54772E-21
 585.74042  4.54422E-21
 585.95715  4.54095E-21
 586.17389  4.53847E-21
 586.39075  4.53702E-21
 586.60767  4.53475E-21
 586.82458  4.53294E-21
 587.04156  4.53147E-21
 587.25861  4.53000E-21
 587.47571  4.53053E-21
 587.69287  4.53180E-21
 587.90997  4.53154E-21
 588.12726  4.53095E-21
 588.34460  4.53164E-21
 588.56201  4.53415E-21
 588.77936  4.53665E-21
 588.99683  4.53915E-21
 589.21436  4.54184E-21
 589.43195  4.54677E-21
 589.64948  4.55104E-21
 589.86713  4.55579E-21
 590.08484  4.56139E-21
 590.30273  4.56738E-21
 590.52045  4.57435E-21
 590.73846  4.58225E-21
 590.95642  4.59030E-21
 591.17438  4.60038E-21
 591.39240  4.60997E-21
 591.61060  4.62203E-21
 591.82874  4.63171E-21
 592.04700  4.64449E-21
 592.26526  4.65821E-21
 592.48364  4.67293E-21
 592.70197  4.68754E-21
 592.92047  4.70365E-21
 593.13898  4.72130E-21
 593.35754  4.73781E-21
 593.57611  4.75482E-21
 593.79486  4.77413E-21
 594.01367  4.79295E-21
 594.23242  4.81360E-21
 594.45129  4.83289E-21
 594.67023  4.85303E-21
 594.88922  4.87431E-21
 595.10828  4.89331E-21
 595.32727  4.91541E-21
 595.54639  4.93528E-21
 595.76556  4.95741E-21
 595.98486  4.97865E-21
 596.20422  4.99965E-21
 596.42358  5.02068E-21
 596.64301  5.04103E-21
 596.86249  5.06230E-21
 597.08203  5.08197E-21
 597.30170  5.10233E-21
 597.52136  5.12260E-21
 597.74115  5.14266E-21
 597.96088  5.16065E-21
 598.18073  5.17900E-21
 598.40070  5.19756E-21
 598.62079  5.21377E-21
 598.84076  5.23155E-21
 599.06091  5.24619E-21
 599.28107  5.26095E-21
 599.50122  5.27613E-21
 599.72156  5.29020E-21
 599.94196  5.30176E-21
 600.16229  5.31323E-21
 600.38275  5.32375E-21
 600.60333  5.33429E-21
 600.82385  5.34209E-21
 601.04456  5.34899E-21
 601.26532  5.35396E-21
 601.48608  5.35947E-21
 601.70685  5.36358E-21
 601.92786  5.36719E-21
 602.14880  5.36850E-21
 602.36987  5.36818E-21
 602.59088  5.36860E-21
 602.81207  5.36676E-21
 603.03333  5.36286E-21
 603.25458  5.36042E-21
 603.47595  5.35566E-21
 603.69739  5.34953E-21
 603.91888  5.34252E-21
 604.14044  5.33631E-21
 604.36212  5.32675E-21
 604.58374  5.31749E-21
 604.80554  5.30710E-21
 605.02740  5.29575E-21
 605.24927  5.28459E-21
 605.47113  5.27222E-21
 605.69318  5.25837E-21
 605.91522  5.24364E-21
 606.13739  5.22969E-21
 606.35956  5.21450E-21
 606.58179  5.19736E-21
 606.80420  5.18180E-21
 607.02661  5.16493E-21
 607.24908  5.14617E-21
 607.47168  5.12770E-21
 607.69434  5.10815E-21
 607.91699  5.08973E-21
 608.13971  5.07084E-21
 608.36249  5.05241E-21
 608.58533  5.03045E-21
 608.80829  5.00986E-21
 609.03137  4.99176E-21
 609.25446  4.96995E-21
 609.47760  4.94938E-21
 609.70074  4.92899E-21
 609.92413  4.90777E-21
 610.14746  4.88724E-21
 610.37097  4.86711E-21
 610.48193  4.86576E-21
 610.70129  4.85071E-21
 610.92078  4.83106E-21
 611.14001  4.81514E-21
 611.35938  4.79499E-21
 611.57855  4.77622E-21
 611.79773  4.75907E-21
 612.01678  4.74094E-21
 612.23584  4.72415E-21
 612.45477  4.70572E-21
 612.67377  4.68897E-21
 612.89264  4.67033E-21
 613.11139  4.65347E-21
 613.33002  4.63764E-21
 613.54871  4.61822E-21
 613.76727  4.59938E-21
 613.98584  4.58471E-21
 614.20435  4.56878E-21
 614.42267  4.55051E-21
 614.64117  4.53370E-21
 614.85938  4.51848E-21
 615.07764  4.50110E-21
 615.29584  4.48684E-21
 615.51398  4.47053E-21
 615.73206  4.45581E-21
 615.95013  4.44062E-21
 616.16809  4.42486E-21
 616.38605  4.40930E-21
 616.60382  4.39546E-21
 616.82153  4.38077E-21
 617.03931  4.36814E-21
 617.25696  4.35226E-21
 617.47461  4.33857E-21
 617.69220  4.32586E-21
 617.90967  4.31184E-21
 618.12714  4.29893E-21
 618.34460  4.28555E-21
 618.56183  4.27245E-21
 618.77911  4.26053E-21
 618.99628  4.24700E-21
 619.21344  4.23631E-21
 619.43060  4.22497E-21
 619.64771  4.21271E-21
 619.86462  4.20053E-21
 620.08160  4.18801E-21
 620.29858  4.17764E-21
 620.51544  4.16640E-21
 620.73212  4.15570E-21
 620.94885  4.14611E-21
 621.16553  4.13422E-21
 621.38220  4.12476E-21
 621.59875  4.11416E-21
 621.81519  4.10327E-21
 622.03174  4.09244E-21
 622.24811  4.08171E-21
 622.46448  4.07215E-21
 622.68073  4.06192E-21
 622.89697  4.05158E-21
 623.11328  4.04264E-21
 623.32935  4.03139E-21
 623.54541  4.02117E-21
 623.76147  4.00957E-21
 623.97742  3.99971E-21
 624.19342  3.99009E-21
 624.40924  3.97863E-21
 624.62512  3.96896E-21
 624.84088  3.95890E-21
 625.05664  3.94853E-21
 625.27234  3.93730E-21
 625.48785  3.92573E-21
 625.70355  3.91613E-21
 625.91907  3.90322E-21
 626.13458  3.89322E-21
 626.34991  3.88089E-21
 626.56531  3.87129E-21
 626.78064  3.85914E-21
 626.99591  3.84697E-21
 627.21118  3.83476E-21
 627.42627  3.82444E-21
 627.64142  3.81199E-21
 627.85651  3.80031E-21
 628.07153  3.78808E-21
 628.28650  3.77510E-21
 628.50134  3.76385E-21
 628.71631  3.75057E-21
 628.93121  3.74094E-21
 629.14594  3.72735E-21
 629.36060  3.71584E-21
 629.57538  3.70538E-21
 629.78992  3.69182E-21
 630.00458  3.68137E-21
 630.21918  3.66944E-21
 630.43359  3.65744E-21
 630.64807  3.64534E-21
 630.86243  3.63414E-21
 631.07678  3.62266E-21
 631.29108  3.61085E-21
 631.50537  3.59895E-21
 631.71960  3.58803E-21
 631.93378  3.57597E-21
 632.14783  3.56459E-21
 632.36200  3.55358E-21
 632.57599  3.54182E-21
 632.79004  3.52973E-21
 633.00391  3.51808E-21
 633.21783  3.50547E-21
 633.43170  3.49426E-21
 633.64545  3.48142E-21
 633.85925  3.46865E-21
 634.07300  3.45711E-21
 634.28668  3.44524E-21
 634.50024  3.43141E-21
 634.71387  3.41904E-21
 634.92725  3.40575E-21
 635.14081  3.39262E-21
 635.35419  3.38000E-21
 635.56769  3.36599E-21
 635.78101  3.35249E-21
 635.99438  3.33980E-21
 636.20764  3.32610E-21
 636.42078  3.31239E-21
 636.63409  3.29854E-21
 636.84723  3.28571E-21
 637.06030  3.27260E-21
 637.27338  3.25929E-21
 637.48639  3.24638E-21
 637.69934  3.23449E-21
 637.91235  3.22116E-21
 638.12518  3.20712E-21
 638.33801  3.19306E-21
 638.55078  3.17914E-21
 638.76349  3.16738E-21
 638.97626  3.15328E-21
 639.18896  3.13879E-21
 639.40161  3.12594E-21
 639.61414  3.11197E-21
 639.82684  3.09911E-21
 640.03931  3.08435E-21
 640.25177  3.07057E-21
 640.46417  3.05627E-21
 640.67657  3.04330E-21
 640.88892  3.03124E-21
 641.10126  3.01838E-21
 641.31354  3.00531E-21
 641.52570  2.99375E-21
 641.73792  2.98019E-21
 641.95007  2.96752E-21
 642.16211  2.95597E-21
 642.37427  2.94534E-21
 642.58636  2.93326E-21
 642.79834  2.92154E-21
 643.01025  2.91021E-21
 643.22211  2.89940E-21
 643.43408  2.88848E-21
 643.64594  2.87685E-21
 643.85773  2.86689E-21
 644.06946  2.85550E-21
 644.28113  2.84698E-21
 644.49292  2.83838E-21
 644.70453  2.82803E-21
 644.91614  2.81634E-21
 645.12775  2.80536E-21
 645.33917  2.79626E-21
 645.55072  2.78641E-21
 645.76221  2.77546E-21
 645.97369  2.76381E-21
 646.18500  2.75404E-21
 646.39636  2.74409E-21
 646.60773  2.73333E-21
 646.81903  2.72451E-21
 647.03027  2.71403E-21
 647.24146  2.70386E-21
 647.45258  2.69321E-21
 647.66376  2.68414E-21
 647.87488  2.67451E-21
 648.08594  2.66423E-21
 648.29700  2.65567E-21
 648.50793  2.64603E-21
 648.71887  2.63620E-21
 648.92975  2.62764E-21
 649.14075  2.61982E-21
 649.35156  2.61000E-21
 649.56232  2.60108E-21
 649.77319  2.59232E-21
 649.98395  2.58434E-21
 650.19464  2.57515E-21
 650.40527  2.56642E-21
 650.61603  2.55881E-21
 650.82654  2.54918E-21
 651.03723  2.54147E-21
 651.24768  2.53329E-21
 651.45825  2.52564E-21
 651.66870  2.51654E-21
 651.87915  2.50855E-21
 652.08960  2.49819E-21
 652.29999  2.49006E-21
 652.51031  2.48193E-21
 652.72058  2.47358E-21
 652.93085  2.46451E-21
 653.14124  2.45281E-21
 653.35138  2.44524E-21
 653.56146  2.43520E-21
 653.77167  2.42777E-21
 653.98181  2.41915E-21
 654.19189  2.40878E-21
 654.40204  2.39989E-21
 654.61200  2.39048E-21
 654.82202  2.38118E-21
 655.03198  2.37460E-21
 655.24194  2.36383E-21
 655.45184  2.35499E-21
 655.66168  2.34507E-21
 655.87158  2.33785E-21
 656.08130  2.32829E-21
 656.29114  2.31995E-21
 656.50085  2.31074E-21
 656.71051  2.30331E-21
 656.92029  2.29463E-21
 657.12994  2.28545E-21
 657.33960  2.27733E-21
 657.54919  2.26855E-21
 657.75873  2.26116E-21
 657.96832  2.25193E-21
 658.17773  2.24243E-21
 658.38733  2.23382E-21
 658.59680  2.22580E-21
 658.80627  2.21747E-21
 659.01556  2.20992E-21
 659.22491  2.20155E-21
 659.43427  2.19207E-21
 659.64355  2.18413E-21
 659.85291  2.17619E-21
 660.06213  2.16830E-21
 660.27142  2.16189E-21
 660.48059  2.15363E-21
 660.68976  2.14512E-21
 660.89886  2.13717E-21
 661.10797  2.12857E-21
 661.31714  2.12159E-21
 661.52618  2.11371E-21
 661.73511  2.10575E-21
 661.94415  2.09964E-21
 662.15308  2.09218E-21
 662.36206  2.08481E-21
 662.57104  2.07514E-21
 662.77991  2.06679E-21
 662.98877  2.05973E-21
 663.19763  2.05209E-21
 663.40649  2.04301E-21
 663.61536  2.03416E-21
 663.82397  2.02676E-21
 664.03278  2.01756E-21
 664.24152  2.00869E-21
 664.45013  2.00044E-21
 664.65875  1.99240E-21
 664.86755  1.98292E-21
 665.07611  1.97367E-21
 665.28467  1.96319E-21
 665.49329  1.95408E-21
 665.70178  1.94513E-21
 665.91034  1.93668E-21
 666.11877  1.92871E-21
 666.32727  1.91903E-21
 666.53571  1.90902E-21
 666.74420  1.90194E-21
 666.95245  1.89150E-21
 667.16083  1.88130E-21
 667.36920  1.87258E-21
 667.57758  1.86424E-21
 667.78583  1.85565E-21
 667.99420  1.84605E-21
 668.20233  1.83581E-21
 668.41058  1.82867E-21
 668.61890  1.81880E-21
 668.82703  1.80998E-21
 669.03522  1.80185E-21
 669.24323  1.79164E-21
 669.45135  1.78408E-21
 669.65948  1.77611E-21
 669.86755  1.76662E-21
 670.07556  1.75728E-21
 670.28357  1.74954E-21
 670.49164  1.73986E-21
 670.69965  1.73206E-21
 670.90759  1.72428E-21
 671.11554  1.71741E-21
 671.32343  1.70819E-21
 671.53125  1.69820E-21
 671.73920  1.69123E-21
 671.94702  1.68157E-21
 672.15491  1.67423E-21
 672.36267  1.66486E-21
 672.57043  1.65770E-21
 672.77820  1.65027E-21
 672.98590  1.64137E-21
 673.19366  1.63460E-21
 673.40137  1.62709E-21
 673.60913  1.61816E-21
 673.81677  1.61179E-21
 674.02441  1.60530E-21
 674.23199  1.59780E-21
 674.43958  1.59080E-21
 674.64716  1.58344E-21
 674.85474  1.57565E-21
 675.06226  1.56913E-21
 675.26971  1.56215E-21
 675.47729  1.55433E-21
 675.68488  1.54764E-21
 675.89221  1.53985E-21
 676.09967  1.53359E-21
 676.30713  1.52570E-21
 676.51453  1.51844E-21
 676.72192  1.51213E-21
 676.92926  1.50571E-21
 677.13666  1.49749E-21
 677.34387  1.49279E-21
 677.55127  1.48729E-21
 677.75861  1.48039E-21
 677.96588  1.47275E-21
 678.17316  1.46706E-21
 678.38037  1.46024E-21
 678.58759  1.45376E-21
 678.79480  1.44609E-21
 679.00195  1.44071E-21
 679.20911  1.43370E-21
 679.41632  1.42829E-21
 679.62341  1.42436E-21
 679.83057  1.41960E-21
 680.03760  1.41337E-21
 680.24481  1.40792E-21
 680.45184  1.40312E-21
 680.65894  1.39879E-21
 680.86597  1.39377E-21
 681.07294  1.38945E-21
 681.27997  1.38529E-21
 681.48688  1.38115E-21
 681.69397  1.37563E-21
 681.90082  1.37246E-21
 682.10779  1.36860E-21
 682.31476  1.36435E-21
 682.52161  1.36109E-21
 682.72858  1.35654E-21
 682.93542  1.35382E-21
 683.14227  1.34901E-21
 683.34912  1.34605E-21
 683.55597  1.34166E-21
 683.76276  1.33680E-21
 683.96954  1.33289E-21
 684.17633  1.32848E-21
 684.38306  1.32450E-21
 684.58984  1.32092E-21
 684.79663  1.31606E-21
 685.00323  1.31116E-21
 685.21002  1.30495E-21
 685.41681  1.30161E-21
 685.62347  1.29620E-21
 685.83014  1.29005E-21
 686.03674  1.28478E-21
 686.24335  1.27953E-21
 686.45001  1.27627E-21
 686.65662  1.26963E-21
 686.86328  1.26311E-21
 687.06982  1.25744E-21
 687.27637  1.25178E-21
 687.48291  1.24465E-21
 687.68951  1.23881E-21
 687.89606  1.23129E-21
 688.10260  1.22496E-21
 688.30908  1.21685E-21
 688.51550  1.21215E-21
 688.72192  1.20597E-21
 688.92853  1.19843E-21
 689.13495  1.19003E-21
 689.34143  1.18599E-21
 689.54791  1.17962E-21
 689.75427  1.17228E-21
 689.96069  1.16516E-21
 690.16705  1.16044E-21
 690.37341  1.15304E-21
 690.57977  1.14507E-21
 690.78607  1.14176E-21
 690.99243  1.13580E-21
 691.19879  1.12850E-21
 691.40515  1.12237E-21
 691.61151  1.11582E-21
 691.81781  1.10973E-21
 692.02417  1.10353E-21
 692.23041  1.09805E-21
 692.43671  1.09239E-21
 692.64294  1.08711E-21
 692.84918  1.08180E-21
 693.05542  1.07513E-21
 693.26154  1.06873E-21
 693.46783  1.06269E-21
 693.67407  1.05663E-21
 693.88025  1.05182E-21
 694.08643  1.04524E-21
 694.29254  1.03898E-21
 694.49884  1.03351E-21
 694.70502  1.02842E-21
 694.91113  1.02227E-21
 695.11719  1.01594E-21
 695.32343  1.01095E-21
 695.52948  1.00432E-21
 695.73566  9.97963E-22
 695.94171  9.91713E-22
 696.14777  9.87480E-22
 696.35394  9.81941E-22
 696.56000  9.76596E-22
 696.76605  9.71651E-22
 696.97211  9.65741E-22
 697.17816  9.60442E-22
 697.38409  9.54880E-22
 697.59015  9.52231E-22
 697.79620  9.45783E-22
 698.00226  9.39366E-22
 698.20819  9.33299E-22
 698.41418  9.30148E-22
 698.62024  9.25447E-22
 698.82617  9.20870E-22
 699.03217  9.14091E-22
 699.23810  9.12180E-22
 699.44409  9.08164E-22
 699.65002  9.01443E-22
 699.85596  8.97811E-22
 700.06189  8.91798E-22
 700.26788  8.89609E-22
 700.47369  8.84528E-22
 700.67969  8.79776E-22
 700.88556  8.76899E-22
 701.09137  8.72859E-22
 701.29736  8.71247E-22
 701.50323  8.64846E-22
 701.70911  8.61119E-22
 701.91492  8.58496E-22
 702.12073  8.55009E-22
 702.32672  8.49962E-22
 702.53259  8.46557E-22
 702.73834  8.42866E-22
 702.94421  8.39762E-22
 703.15002  8.37025E-22
 703.35590  8.34782E-22
 703.56165  8.32638E-22
 703.76752  8.28635E-22
 703.97327  8.28136E-22
 704.17914  8.26963E-22
 704.38483  8.22069E-22
 704.59070  8.17358E-22
 704.79645  8.14257E-22
 705.00226  8.13343E-22
 705.20801  8.10817E-22
 705.41388  8.09188E-22
 705.61951  8.05379E-22
 705.82526  8.03959E-22
 706.03113  8.00131E-22
 706.23688  7.97844E-22
 706.44269  7.96401E-22
 706.64838  7.94844E-22
 706.85400  7.92484E-22
 707.05981  7.89539E-22
 707.26556  7.85811E-22
 707.47119  7.84962E-22
 707.67694  7.83057E-22
 707.88275  7.80264E-22
 708.08838  7.78272E-22
 708.29407  7.74595E-22
 708.49982  7.72016E-22
 708.70544  7.71119E-22
 708.91119  7.68785E-22
 709.11682  7.65126E-22
 709.32257  7.62921E-22
 709.52826  7.63271E-22
 709.73395  7.58145E-22
 709.93958  7.56755E-22
 710.14526  7.55431E-22
 710.35101  7.52777E-22
 710.55664  7.51272E-22
 710.76221  7.51544E-22
 710.96796  7.49376E-22
 711.17358  7.49326E-22
 711.37927  7.47003E-22
 711.58490  7.45530E-22
 711.79059  7.44480E-22
 711.99615  7.44348E-22
 712.20190  7.42325E-22
 712.40747  7.40893E-22
 712.61310  7.39012E-22
 712.81879  7.38882E-22
 713.02441  7.39401E-22
 713.22992  7.37262E-22
 713.43561  7.38066E-22
 713.64124  7.37800E-22
 713.84680  7.37754E-22
 714.05249  7.35231E-22
 714.25812  7.35946E-22
 714.46368  7.35776E-22
 714.66937  7.34528E-22
 714.87500  7.35796E-22
 715.08057  7.32775E-22
 715.28625  7.31669E-22
 715.49182  7.31168E-22
 715.69739  7.29425E-22
 715.90308  7.28312E-22
 716.10864  7.26605E-22
 716.31427  7.23859E-22
 716.51984  7.22278E-22
 716.72552  7.19511E-22
 716.93109  7.18023E-22
 717.13672  7.13323E-22
 717.34241  7.08392E-22
 717.54797  7.07903E-22
 717.75348  7.05716E-22
 717.95911  7.01457E-22
 718.16479  6.95549E-22
 718.37036  6.91394E-22
 718.57593  6.86541E-22
 718.78156  6.81443E-22
 718.98724  6.78323E-22
 719.19281  6.75272E-22
 719.39832  6.70929E-22
 719.60400  6.64915E-22
 719.80957  6.58642E-22
 720.01514  6.55206E-22
 720.22070  6.49525E-22
 720.42639  6.44559E-22
 720.63196  6.39641E-22
 720.83759  6.34710E-22
 721.04315  6.31117E-22
 721.24884  6.27383E-22
 721.45441  6.23196E-22
 721.66003  6.16708E-22
 721.86560  6.14156E-22
 722.07129  6.10301E-22
 722.27686  6.06490E-22
 722.48242  6.02715E-22
 722.68811  5.99508E-22
 722.89374  5.95732E-22
 723.09930  5.95799E-22
 723.30499  5.90707E-22
 723.51062  5.87273E-22
 723.71619  5.86165E-22
 723.92188  5.82091E-22
 724.12750  5.78409E-22
 724.33307  5.76471E-22
 724.53870  5.74793E-22
 724.74432  5.72051E-22
 724.94989  5.69713E-22
 725.15564  5.67165E-22
 725.36121  5.65038E-22
 725.56689  5.62806E-22
 725.77252  5.60375E-22
 725.97821  5.57250E-22
 726.18390  5.53998E-22
 726.38953  5.52802E-22
 726.59515  5.49599E-22
 726.80078  5.47418E-22
 727.00647  5.44910E-22
 727.21210  5.39952E-22
 727.41779  5.36946E-22
 727.62341  5.34522E-22
 727.82910  5.31300E-22
 728.03479  5.28332E-22
 728.24054  5.25252E-22
 728.44617  5.21300E-22
 728.65186  5.18414E-22
 728.85742  5.15972E-22
 729.06323  5.12784E-22
 729.26886  5.10663E-22
 729.47455  5.07350E-22
 729.68030  5.05494E-22
 729.88593  5.03676E-22
 730.09174  4.99390E-22
 730.29749  4.98327E-22
 730.50311  4.96730E-22
 730.70892  4.93374E-22
 730.91455  4.92248E-22
 731.12024  4.90039E-22
 731.32599  4.87717E-22
 731.53180  4.87247E-22
 731.73743  4.83875E-22
 731.94318  4.80929E-22
 732.14899  4.81079E-22
 732.35474  4.77913E-22
 732.56049  4.77145E-22
 732.76624  4.77943E-22
 732.97198  4.75954E-22
 733.17780  4.73882E-22
 733.38348  4.73111E-22
 733.58936  4.74120E-22
 733.79510  4.69987E-22
 734.00085  4.71169E-22
 734.20673  4.70818E-22
 734.41248  4.71916E-22
 734.61835  4.70108E-22
 734.82410  4.67858E-22
 735.02997  4.68203E-22
 735.23572  4.65459E-22
 735.44159  4.64866E-22
 735.64740  4.65587E-22
 735.85315  4.66717E-22
 736.05902  4.66100E-22
 736.26483  4.63673E-22
 736.47070  4.63207E-22
 736.67657  4.62626E-22
 736.88245  4.63596E-22
 737.08832  4.62596E-22
 737.29419  4.61857E-22
 737.50000  4.60124E-22
 737.70599  4.59213E-22
 737.91180  4.60064E-22
 738.11768  4.59383E-22
 738.32361  4.59211E-22
 738.52954  4.60763E-22
 738.73541  4.58172E-22
 738.94141  4.56969E-22
 739.14728  4.57449E-22
 739.35321  4.58814E-22
 739.55920  4.60036E-22
 739.76514  4.57730E-22
 739.97107  4.57417E-22
 740.17700  4.58904E-22
 740.38293  4.58509E-22
 740.58893  4.58747E-22
 740.79486  4.59342E-22
 741.00092  4.57685E-22
 741.20691  4.58969E-22
 741.41284  4.60824E-22
 741.61890  4.60960E-22
 741.82501  4.63060E-22
 742.03094  4.63836E-22
 742.23700  4.64255E-22
 742.44299  4.65968E-22
 742.64899  4.65434E-22
 742.85504  4.64914E-22
 743.06122  4.67086E-22
 743.26727  4.69976E-22
 743.47333  4.72579E-22
 743.67938  4.73705E-22
 743.88544  4.73867E-22
 744.09161  4.75831E-22
 744.29767  4.76188E-22
 744.50385  4.78365E-22
 744.70984  4.80076E-22
 744.91595  4.83180E-22
 745.12201  4.84250E-22
 745.32819  4.86710E-22
 745.53436  4.88483E-22
 745.74054  4.87277E-22
 745.94666  4.87697E-22
 746.15283  4.91654E-22
 746.35913  4.91315E-22
 746.56525  4.90749E-22
 746.77142  4.89417E-22
 746.97766  4.92180E-22
 747.18378  4.91755E-22
 747.39008  4.91130E-22
 747.59619  4.90434E-22
 747.80249  4.90615E-22
 748.00885  4.88984E-22
 748.21497  4.86222E-22
 748.42126  4.85654E-22
 748.62750  4.84156E-22
 748.83386  4.83023E-22
 749.04016  4.80589E-22
 749.24652  4.77650E-22
 749.45270  4.77038E-22
 749.65894  4.72164E-22
 749.86530  4.67228E-22
 750.07166  4.65221E-22
 750.27802  4.61561E-22
 750.48438  4.56848E-22
 750.69073  4.53254E-22
 750.89716  4.48789E-22
 751.10352  4.44106E-22
 751.30988  4.38522E-22
 751.51630  4.34795E-22
 751.72260  4.29795E-22
 751.92896  4.24968E-22
 752.13544  4.21603E-22
 752.34192  4.15678E-22
 752.54834  4.09905E-22
 752.75482  4.05145E-22
 752.96130  4.00406E-22
 753.16772  3.96841E-22
 753.37421  3.91156E-22
 753.58075  3.89157E-22
 753.78723  3.85021E-22
 753.99365  3.82358E-22
 754.20020  3.76772E-22
 754.40674  3.73222E-22
 754.61328  3.70094E-22
 754.81989  3.66454E-22
 755.02631  3.61513E-22
 755.23297  3.58506E-22
 755.43958  3.56632E-22
 755.64612  3.53395E-22
 755.85278  3.52045E-22
 756.05933  3.46878E-22
 756.26599  3.45630E-22
 756.47247  3.45001E-22
 756.67914  3.39723E-22
 756.88593  3.37524E-22
 757.09259  3.35286E-22
 757.29926  3.32592E-22
 757.50592  3.30736E-22
 757.71259  3.30381E-22
 757.91919  3.26731E-22
 758.12598  3.27124E-22
 758.33276  3.23195E-22
 758.53943  3.23040E-22
 758.74628  3.21390E-22
 758.95288  3.20331E-22
 759.15961  3.17483E-22
 759.36646  3.17381E-22
 759.57324  3.16097E-22
 759.78003  3.13540E-22
 759.98676  3.11841E-22
 760.19360  3.10404E-22
 760.40051  3.08728E-22
 760.60736  3.06162E-22
 760.81421  3.04025E-22
 761.02106  3.03411E-22
 761.22784  3.06302E-22
 761.43475  3.05950E-22
 761.64172  3.04399E-22
 761.84857  3.02505E-22
 762.05554  3.03405E-22
 762.26245  3.02687E-22
 762.46942  3.00468E-22
 762.67627  2.96892E-22
 762.88324  2.95059E-22
 763.09021  2.97269E-22
 763.29730  2.97617E-22
 763.50427  2.97433E-22
 763.71124  2.97260E-22
 763.91833  2.93436E-22
 764.12524  2.95533E-22
 764.33234  2.94507E-22
 764.53937  2.93011E-22
 764.74646  2.92562E-22
 764.95349  2.93839E-22
 765.16064  2.92818E-22
 765.36774  2.92168E-22
 765.57489  2.90347E-22
 765.78198  2.90260E-22
 765.98914  2.90685E-22
 766.19623  2.89584E-22
 766.40338  2.90383E-22
 766.61066  2.88591E-22
 766.81781  2.90598E-22
 767.02496  2.90504E-22
 767.23224  2.89960E-22
 767.43939  2.88359E-22
 767.64667  2.87990E-22
 767.85388  2.88376E-22
 768.06116  2.89529E-22
 768.26843  2.86771E-22
 768.47571  2.87892E-22
 768.68298  2.88640E-22
 768.89026  2.88863E-22
 769.09760  2.90495E-22
 769.30499  2.91157E-22
 769.51221  2.92275E-22
 769.71960  2.90486E-22
 769.92694  2.90202E-22
 770.13440  2.91952E-22
 770.34180  2.93083E-22
 770.54926  2.91692E-22
 770.75659  2.94205E-22
 770.96405  2.94637E-22
 771.17145  2.97222E-22
 771.37891  3.00830E-22
 771.58636  3.01085E-22
 771.79382  3.01044E-22
 772.00128  3.02561E-22
 772.20886  3.03108E-22
 772.41644  3.05534E-22
 772.62390  3.07424E-22
 772.83142  3.07408E-22
 773.03900  3.10353E-22
 773.24658  3.13319E-22
 773.45410  3.17596E-22
 773.66174  3.19587E-22
 773.86926  3.20175E-22
 774.07697  3.23075E-22
 774.28461  3.26604E-22
 774.49225  3.29192E-22
 774.69995  3.26924E-22
 774.90759  3.30266E-22
 775.11523  3.34297E-22
 775.32300  3.38565E-22
 775.53070  3.40123E-22
 775.73846  3.42582E-22
 775.94623  3.49342E-22
 776.15393  3.50289E-22
 776.36163  3.48037E-22
 776.56940  3.55308E-22
 776.77716  3.57651E-22
 776.98505  3.60354E-22
 777.19293  3.60796E-22
 777.40070  3.61744E-22
 777.60852  3.62431E-22
 777.81641  3.64412E-22
 778.02423  3.67417E-22
 778.23224  3.72552E-22
 778.44006  3.73250E-22
 778.64789  3.71325E-22
 778.85583  3.71292E-22
 779.06378  3.68249E-22
 779.27173  3.69436E-22
 779.47974  3.70803E-22
 779.68768  3.68884E-22
 779.89575  3.68670E-22
 780.10370  3.65503E-22
 780.31165  3.64504E-22
 780.51971  3.67434E-22
 780.72778  3.61424E-22
 780.93585  3.60145E-22
 781.14392  3.57011E-22
 781.35199  3.53928E-22
 781.56006  3.52305E-22
 781.76825  3.50975E-22
 781.97632  3.44435E-22
 782.18445  3.41274E-22
 782.39264  3.41677E-22
 782.60077  3.37024E-22
 782.80896  3.34432E-22
 783.01721  3.30683E-22
 783.22534  3.26083E-22
 783.43359  3.21376E-22
 783.64185  3.19390E-22
 783.85010  3.15298E-22
 784.05835  3.12365E-22
 784.26660  3.06390E-22
 784.47498  3.03849E-22
 784.68323  2.98449E-22
 784.89160  2.94883E-22
 785.09985  2.94019E-22
 785.30823  2.91558E-22
 785.51654  2.90876E-22
 785.72504  2.89170E-22
 785.93341  2.82909E-22
 786.14172  2.78012E-22
 786.35022  2.77828E-22
 786.55859  2.73945E-22
 786.76709  2.73889E-22
 786.97540  2.70080E-22
 787.18402  2.68673E-22
 787.39246  2.64478E-22
 787.60089  2.59147E-22
 787.80945  2.58010E-22
 788.01801  2.54060E-22
 788.22662  2.53786E-22
 788.43518  2.55524E-22
 788.64374  2.51522E-22
 788.85229  2.51594E-22
 789.06091  2.51032E-22
 789.26947  2.47574E-22
 789.47809  2.44086E-22
 789.68677  2.43990E-22
 789.89545  2.42723E-22
 790.10406  2.40326E-22
 790.31274  2.38876E-22
 790.52148  2.34883E-22
 790.73029  2.33447E-22
 790.93890  2.29785E-22
 791.14771  2.30573E-22
 791.35645  2.28772E-22
 791.56519  2.26850E-22
 791.77399  2.25631E-22
 791.98279  2.21217E-22
 792.19165  2.20981E-22
 792.40039  2.20359E-22
 792.60925  2.20050E-22
 792.81812  2.18623E-22
 793.02698  2.15080E-22
 793.23584  2.11812E-22
 793.44482  2.10912E-22
 793.65369  2.10471E-22
 793.86261  2.09018E-22
 794.07159  2.07404E-22
 900         0
 100000     0
