   2.8000000e+02   8.9546254e+00
   2.8200000e+02   8.9422443e+00
   2.8400000e+02   8.9222016e+00
   2.8600000e+02   8.9047410e+00
   2.8800000e+02   8.7753517e+00
   2.9000000e+02   8.5684004e+00
   2.9200000e+02   8.3340976e+00
   2.9400000e+02   7.9748080e+00
   2.9600000e+02   7.6676010e+00
   2.9800000e+02   7.4741347e+00
   3.0000000e+02   7.3011297e+00
   3.0200000e+02   7.1967295e+00
   3.0400000e+02   7.1244848e+00
   3.0600000e+02   7.0176872e+00
   3.0800000e+02   6.8976448e+00
   3.1000000e+02   6.8457670e+00
   3.1200000e+02   6.8669763e+00
   3.1400000e+02   6.7814112e+00
   3.1600000e+02   6.7068567e+00
   3.1800000e+02   6.6732018e+00
   3.2000000e+02   6.6244354e+00
   3.2200000e+02   6.6367796e+00
   3.2400000e+02   6.6518351e+00
   3.2600000e+02   6.6721343e+00
   3.2800000e+02   6.6831582e+00
   3.3000000e+02   6.7140522e+00
   3.3200000e+02   6.6443683e+00
   3.3400000e+02   6.6092989e+00
   3.3600000e+02   6.6513766e+00
   3.3800000e+02   6.6365993e+00
   3.4000000e+02   6.5608565e+00
   3.4200000e+02   6.4623941e+00
   3.4400000e+02   6.3256796e+00
   3.4600000e+02   6.2023744e+00
   3.4800000e+02   6.1497613e+00
   3.5000000e+02   6.0372153e+00
   3.5200000e+02   5.9635770e+00
   3.5400000e+02   5.9472660e+00
   3.5600000e+02   5.9725445e+00
   3.5800000e+02   6.0550166e+00
   3.6000000e+02   6.0954643e+00
   3.6200000e+02   6.0496666e+00
   3.6400000e+02   6.0426340e+00
   3.6600000e+02   6.1023349e+00
   3.6800000e+02   6.1728462e+00
   3.7000000e+02   6.2453850e+00
   3.7200000e+02   6.3010253e+00
   3.7400000e+02   6.3661282e+00
   3.7600000e+02   6.4363109e+00
   3.7800000e+02   6.5229796e+00
   3.8000000e+02   6.5888509e+00
   3.8200000e+02   6.6044476e+00
   3.8400000e+02   6.6194672e+00
   3.8600000e+02   6.6251773e+00
   3.8800000e+02   6.6261159e+00
   3.9000000e+02   6.6422856e+00
   3.9200000e+02   6.6576072e+00
   3.9400000e+02   6.6817311e+00
   3.9600000e+02   6.7226840e+00
   3.9800000e+02   6.7955026e+00
   4.0000000e+02   6.8750361e+00
   4.0200000e+02   6.9836749e+00
   4.0400000e+02   7.1321873e+00
   4.0600000e+02   7.2687514e+00
   4.0800000e+02   7.4462397e+00
   4.1000000e+02   7.5767031e+00
   4.1200000e+02   7.6612289e+00
   4.1400000e+02   7.7645598e+00
   4.1600000e+02   7.8377248e+00
   4.1800000e+02   7.8801195e+00
   4.2000000e+02   7.8891537e+00
   4.2200000e+02   7.8959770e+00
   4.2400000e+02   7.9401326e+00
   4.2600000e+02   7.9875452e+00
   4.2800000e+02   8.0491826e+00
   4.3000000e+02   8.1353149e+00
   4.3200000e+02   8.2035373e+00
   4.3400000e+02   8.2379860e+00
   4.3600000e+02   8.2611363e+00
   4.3800000e+02   8.2290265e+00
   4.4000000e+02   8.1160661e+00
   4.4200000e+02   7.9538010e+00
   4.4400000e+02   7.7731113e+00
   4.4600000e+02   7.5896413e+00
   4.4800000e+02   7.3861503e+00
   4.5000000e+02   7.1848641e+00
   4.5200000e+02   7.0191907e+00
   4.5400000e+02   6.8976356e+00
   4.5600000e+02   6.7968035e+00
   4.5800000e+02   6.6840342e+00
   4.6000000e+02   6.5948462e+00
   4.6200000e+02   6.5075676e+00
   4.6400000e+02   6.3973471e+00
   4.6600000e+02   6.2825865e+00
   4.6800000e+02   6.1606144e+00
   4.7000000e+02   6.0418644e+00
   4.7200000e+02   5.9015027e+00
   4.7400000e+02   5.7496948e+00
   4.7600000e+02   5.5974979e+00
   4.7800000e+02   5.4532323e+00
   4.8000000e+02   5.3297111e+00
   4.8200000e+02   5.2129822e+00
   4.8400000e+02   5.0897734e+00
   4.8600000e+02   4.9622735e+00
   4.8800000e+02   4.8399240e+00
   4.9000000e+02   4.7002185e+00
   4.9200000e+02   4.5404113e+00
   4.9400000e+02   4.3692373e+00
   4.9600000e+02   4.1929496e+00
   4.9800000e+02   4.0075582e+00
   5.0000000e+02   3.8150517e+00
   5.0200000e+02   3.6335741e+00
   5.0400000e+02   3.4547249e+00
   5.0600000e+02   3.2744889e+00
   5.0800000e+02   3.0955703e+00
   5.1000000e+02   2.9258385e+00
   5.1200000e+02   2.7647115e+00
   5.1400000e+02   2.6163375e+00
   5.1600000e+02   2.4755390e+00
   5.1800000e+02   2.3480611e+00
   5.2000000e+02   2.2353099e+00
   5.2200000e+02   2.1305370e+00
   5.2400000e+02   2.0383408e+00
   5.2600000e+02   1.9661907e+00
   5.2800000e+02   1.8987093e+00
   5.3000000e+02   1.8272036e+00
   5.3200000e+02   1.7668355e+00
   5.3400000e+02   1.7157591e+00
   5.3600000e+02   1.6585934e+00
   5.3800000e+02   1.6039085e+00
   5.4000000e+02   1.5495948e+00
   5.4200000e+02   1.4865052e+00
   5.4400000e+02   1.4260744e+00
   5.4600000e+02   1.3661739e+00
   5.4800000e+02   1.3088326e+00
   5.5000000e+02   1.2540015e+00
   5.5200000e+02   1.2013791e+00
   5.5400000e+02   1.1566467e+00
   5.5600000e+02   1.1129953e+00
   5.5800000e+02   1.0743164e+00
   5.6000000e+02   1.0466494e+00
   5.6200000e+02   1.0279727e+00
   5.6400000e+02   1.0158888e+00
   5.6600000e+02   1.0112827e+00
   5.6800000e+02   1.0145844e+00
   5.7000000e+02   1.0223252e+00
   5.7200000e+02   1.0301965e+00
   5.7400000e+02   1.0420192e+00
   5.7600000e+02   1.0566408e+00
   5.7800000e+02   1.0789250e+00
   5.8000000e+02   1.0993557e+00
   5.8200000e+02   1.1164412e+00
   5.8400000e+02   1.1281918e+00
   5.8600000e+02   1.1352461e+00
   5.8800000e+02   1.1461334e+00
   5.9000000e+02   1.1465795e+00
   5.9200000e+02   1.1374259e+00
   5.9400000e+02   1.1245713e+00
   5.9600000e+02   1.1152207e+00
   5.9800000e+02   1.1089641e+00
   6.0000000e+02   1.1069195e+00
   6.0200000e+02   1.1169593e+00
   6.0400000e+02   1.1270655e+00
   6.0600000e+02   1.1499413e+00
   6.0800000e+02   1.1844343e+00
   6.1000000e+02   1.2183202e+00
   6.1200000e+02   1.2528119e+00
   6.1400000e+02   1.2846274e+00
   6.1600000e+02   1.3196187e+00
   6.1800000e+02   1.3471190e+00
   6.2000000e+02   1.3646677e+00
   6.2200000e+02   1.3810576e+00
   6.2400000e+02   1.3988273e+00
   6.2600000e+02   1.4169311e+00
   6.2800000e+02   1.4366863e+00
   6.3000000e+02   1.4566451e+00
   6.3200000e+02   1.4782760e+00
   6.3400000e+02   1.5048713e+00
   6.3600000e+02   1.5309771e+00
   6.3800000e+02   1.5531843e+00
   6.4000000e+02   1.5761665e+00
   6.4200000e+02   1.6023704e+00
   6.4400000e+02   1.6364488e+00
   6.4600000e+02   1.6846296e+00
   6.4800000e+02   1.7599887e+00
   6.5000000e+02   1.8611988e+00
   6.5200000e+02   1.9919943e+00
   6.5400000e+02   2.1575308e+00
   6.5600000e+02   2.3551235e+00
   6.5800000e+02   2.6129331e+00
   6.6000000e+02   2.9218650e+00
   6.6200000e+02   3.2443080e+00
   6.6400000e+02   3.5746464e+00
   6.6600000e+02   3.8577503e+00
   6.6800000e+02   4.0600643e+00
   6.7000000e+02   4.1844475e+00
   6.7200000e+02   4.2060250e+00
   6.7400000e+02   4.1330241e+00
   6.7600000e+02   3.9534608e+00
   6.7800000e+02   3.6774387e+00
   6.8000000e+02   3.3077715e+00
   6.8200000e+02   2.8616356e+00
   6.8400000e+02   2.3888180e+00
   6.8600000e+02   1.9291547e+00
   6.8800000e+02   1.5236754e+00
   6.9000000e+02   1.1878225e+00
   6.9200000e+02   9.2095840e-01
   6.9400000e+02   7.2104289e-01
   6.9600000e+02   5.6766212e-01
   6.9800000e+02   4.5078419e-01
   7.0000000e+02   3.6960038e-01
   7.0200000e+02   3.0740755e-01
   7.0400000e+02   2.5827576e-01
   7.0600000e+02   2.2030063e-01
   7.0800000e+02   1.8875061e-01
   7.1000000e+02   1.6567877e-01
   7.1200000e+02   1.4358446e-01
   7.1400000e+02   1.2524571e-01
   7.1600000e+02   1.1523033e-01
   7.1800000e+02   1.0239870e-01
   7.2000000e+02   8.5856333e-02
   7.2200000e+02   7.5961494e-02
   7.2400000e+02   7.1741556e-02
   7.2600000e+02   6.4835342e-02
   7.2800000e+02   5.8882760e-02
   7.3000000e+02   5.3998031e-02
   7.3200000e+02   4.7862894e-02
   7.3400000e+02   4.5202203e-02
   7.3600000e+02   4.1535205e-02
   7.3800000e+02   3.7806208e-02
   7.4000000e+02   3.6620975e-02
   7.4200000e+02   3.4863420e-02
   7.4400000e+02   3.3700868e-02
   7.4600000e+02   3.0448061e-02
   7.4800000e+02   2.7457515e-02
   7.5000000e+02   2.5082671e-02
   7.5200000e+02   2.6269161e-02
   7.5400000e+02   2.8731909e-02
   7.5600000e+02   2.9067129e-02
   7.5800000e+02   2.7392573e-02
   7.6000000e+02   2.3241103e-02
   7.6200000e+02   1.9883929e-02
   7.6400000e+02   1.8417006e-02
   7.6600000e+02   1.7446936e-02
   7.6800000e+02   1.4652981e-02
   7.7000000e+02   1.3884232e-02
   7.7200000e+02   1.5785351e-02
   7.7400000e+02   1.5269625e-02
   7.7600000e+02   1.2444445e-02
   7.7800000e+02   1.1564306e-02
   7.8000000e+02   1.3947419e-02
   7.8200000e+02   1.6193671e-02
   7.8400000e+02   1.6483586e-02
   7.8600000e+02   1.8161467e-02
   7.8800000e+02   1.4018413e-02
   7.9000000e+02   9.1748717e-03
   7.9200000e+02   8.9093378e-03
   7.9400000e+02   1.2307931e-02
   7.9600000e+02   1.4654191e-02
   7.9800000e+02   1.3256049e-02
   8.0000000e+02   9.1771054e-03
   8.0200000e+02   3.7077532e-03
   8.0400000e+02   1.6764092e-05
   8.0600000e+02   3.6406284e-03
   8.0800000e+02   8.6614893e-03
   8.1000000e+02   3.8342845e-03
   8.1200000e+02   5.0767336e-03
   8.1400000e+02   7.2357752e-03
   8.1600000e+02   2.1648129e-03
   8.1800000e+02   2.8286867e-03
   8.2000000e+02   8.2928011e-03
   8.2200000e+02   8.2083869e-03
   8.2400000e+02   3.5957128e-03
   8.2600000e+02   6.1842826e-03
   8.2800000e+02   9.6404269e-03
   8.3000000e+02   6.7011456e-03
   8.3200000e+02   5.8208507e-03
   8.3400000e+02   2.1116571e-03
   8.3600000e+02  -2.9217128e-03
   8.3800000e+02   3.9347025e-04
   8.4000000e+02   2.9627279e-03
   8.4200000e+02   4.2827949e-03
   8.4400000e+02   6.2316641e-03
   8.4600000e+02   3.9750777e-03
   8.4800000e+02   8.5619560e-04
   8.5000000e+02  -2.2310286e-04
   8.5200000e+02   8.6915548e-04
   8.5400000e+02  -1.0998583e-03
   8.5600000e+02   1.6563623e-03
   8.5800000e+02   3.4475112e-03
   8.6000000e+02  -1.3511748e-04
   8.6200000e+02   1.0541566e-03
   8.6400000e+02   1.2738914e-04
   8.6600000e+02   2.0585572e-03
   8.6800000e+02  -9.4023155e-05
   8.7000000e+02  -1.5659796e-03
   8.7200000e+02   4.9017310e-03
   8.7400000e+02   3.6867666e-03
   8.7600000e+02  -6.8492529e-03
   8.7800000e+02  -2.6579541e-03
   8.8000000e+02  -8.6853070e-05
   8.8200000e+02   6.9583043e-04
   8.8400000e+02   6.9456036e-03
   8.8600000e+02   1.3705792e-03
   8.8800000e+02  -2.7975916e-03
   8.9000000e+02  -2.0289574e-03
   8.9200000e+02   4.1236649e-04
   8.9400000e+02  -1.8029343e-02
   8.9600000e+02  -1.2211339e-02
   8.9800000e+02   1.9108277e-02
   9.0000000e+02   2.2056033e-03
