  1.3771749043679490E-01  1.4990534832870679E+04
  3.1611910558511447E-01  4.9440917801720425E+03
  4.9557427868528892E-01  2.6857008815722834E+03
  6.7526749546872189E-01  1.7161586776527056E+03
  8.5505100783978727E-01  1.1990390093329822E+03
  1.0348782144655142E+00  8.9191893459010123E+02
  1.2147298399468847E+00  6.9048500099176135E+02
  1.3945964831014166E+00  5.5134397892468030E+02
  1.5744730163150720E+00  4.5129065076152801E+02
  1.7543564064159598E+00  3.7538191722733438E+02
  1.9342447448985787E+00  3.1665246746691645E+02
  2.1141367710957391E+00  2.7061021285353729E+02
  2.2940316188947927E+00  2.3409916719973268E+02
  2.4739286736306267E+00  2.0483546640455620E+02
  2.6538274870367178E+00  1.8067951301076536E+02
  2.8337277245186554E+00  1.6048528684057683E+02
  3.0136291312795351E+00  1.4356676292496320E+02
  3.1935315098742398E+00  1.2924076800925855E+02
  3.3734347049348186E+00  1.1693516975911551E+02
  3.5533385925314618E+00  1.0634365458555027E+02
  3.7332430726039156E+00  9.7198757092764382E+01
  3.9131480634797478E+00  8.9232982807694313E+01
  4.0930534978365509E+00  8.2186555768387208E+01
  4.2729593196835518E+00  7.5904538045209577E+01
  4.4528654820732223E+00  7.0308047860448397E+01
  4.6327719453475700E+00  6.5319916445381267E+01
  4.8126786757749995E+00  6.0862902946222476E+01
  4.9925856444849055E+00  5.6859848327915749E+01
  5.1724928266210313E+00  5.3238902137407699E+01
  5.3524002006677005E+00  4.9957799723706415E+01
  5.5323077479076179E+00  4.6984502687938445E+01
  5.7122154519802857E+00  4.4286990643105618E+01
  5.8921232985230212E+00  4.1833208977526461E+01
  6.0720312748745533E+00  3.9591116686329791E+01
  6.2519393698309251E+00  3.7528689529975914E+01
  6.4318475734413125E+00  3.5615100864691243E+01
  6.6117558768375764E+00  3.3833163943553906E+01
  6.7916642720911016E+00  3.2174246347212652E+01
  6.9715727520917667E+00  3.0629853359317231E+01
  7.1514813104443240E+00  2.9191475561991417E+01
  7.3313899413813299E+00  2.7850621902149477E+01
  7.5112986396879409E+00  2.6598777936631663E+01
  7.6912074006371762E+00  2.5427450259008900E+01
  7.8711162199338265E+00  2.4328134144787349E+01
  8.0510250936667695E+00  2.3292525956692973E+01
  8.2309340182668080E+00  2.2315214842304155E+01
  8.4108429904701474E+00  2.1393025949603011E+01
  8.5907520072860297E+00  2.0522838821434533E+01
  8.7706610659693904E+00  1.9701527859700018E+01
  8.9505701639957476E+00  1.8925975573790449E+01
  9.1304792990394184E+00  1.8193065860935892E+01
  9.3103884689545939E+00  1.7499670378930244E+01
  9.4902976717581762E+00  1.6842673048990594E+01
  9.6702069056146467E+00  1.6218956386635860E+01
  9.8501161688224634E+00  1.5625393547481931E+01
  1.0030025459802070E+01  1.5058868523776965E+01
  1.0209934777085559E+01  1.4516885146071948E+01
  1.0389844119306433E+01  1.3998476382136785E+01
  1.0569753485191214E+01  1.3502897609123853E+01
  1.0749662873551793E+01  1.3029415782141818E+01
  1.0929572283278150E+01  1.2577284350027343E+01
  1.1109481713332269E+01  1.2145766503028629E+01
  1.1289391162742236E+01  1.1734122053503393E+01
  1.1469300630597255E+01  1.1341611195861223E+01
  1.1649210116042434E+01  1.0967496664466740E+01
  1.1829119618275264E+01  1.0611033558027360E+01
  1.2009029136541223E+01  1.0271484885211558E+01
  1.2188938670130089E+01  9.9481094239250272E+00
  1.2368848218373312E+01  9.6401713012720123E+00
  1.2548757780640480E+01  9.3469254526913588E+00
  1.2728667356336736E+01  9.0676335446505707E+00
  1.2908576944900707E+01  8.8015576195404481E+00
  1.3088486545801496E+01  8.5479566822250437E+00
  1.3268396158537216E+01  8.3060887670736179E+00
  1.3448305782632881E+01  8.0752185980002640E+00
  1.3628215417638378E+01  7.8546027985024631E+00
  1.3808125063127155E+01  7.6435013016613205E+00
  1.3988034718694701E+01  7.4411758386192766E+00
  1.4167944383956931E+01  7.2468868034035729E+00
  1.4347854058549069E+01  7.0598932441107110E+00
  1.4527763742124366E+01  6.8794547526344267E+00
  1.4707673434352975E+01  6.7048336604265479E+00
  1.4887583134921236E+01  6.5352870686135542E+00
  1.5067492843530164E+01  6.3700844483371846E+00
  1.5247402559895145E+01  6.2087694811264456E+00
  1.5427312283744600E+01  6.0512744481150005E+00
  1.5607222014819691E+01  5.8975616799149355E+00
  1.5787131752873197E+01  5.7475939871762600E+00
  1.5967041497669175E+01  5.6013302032508649E+00
  1.6146951248982088E+01  5.4587329529154252E+00
  1.6326861006596420E+01  5.3197631975116204E+00
  1.6506770770306019E+01  5.1843826848256329E+00
  1.6686680539913596E+01  5.0525535950740341E+00
  1.6866590315230322E+01  4.9242354699942767E+00
  1.7046500096075256E+01  4.7993907252065808E+00
  1.7226409882275195E+01  4.6779804317934586E+00
  1.7406319673663880E+01  4.5599666889631472E+00
  1.7586229470081982E+01  4.4453104831822268E+00
  1.7766139271376527E+01  4.3339733742431852E+00
  1.7946049077400836E+01  4.2259152067386969E+00
  1.8125958888013887E+01  4.1210997637089646E+00
  1.8305868703080339E+01  4.0194860947052815E+00
  1.8485778522469960E+01  3.9210380594461491E+00
  1.8665688346057671E+01  3.8257149111378030E+00
  1.8845598173723094E+01  3.7334792732480158E+00
  1.9025508005350492E+01  3.6442918359919720E+00
  1.9205417840828307E+01  3.5581146566402100E+00
  1.9385327680049265E+01  3.4749086316459716E+00
  1.9565237522910046E+01  3.3946347309090914E+00
  1.9745147369310903E+01  3.3172556395944826E+00
  1.9925057219155924E+01  3.2427310377632437E+00
  2.0104967072352455E+01  3.1710214708069357E+00
  2.0284876928811297E+01  3.1020532574924178E+00
  2.0464786788446197E+01  3.0357259657224671E+00
  2.0644696651174041E+01  2.9719397508113077E+00
  2.0824606516914550E+01  2.9105930637091255E+00
  2.1004516385590112E+01  2.8515856989689610E+00
  2.1184426257125967E+01  2.7948167047140711E+00
  2.1364336131449591E+01  2.7401857008408110E+00
  2.1544246008491111E+01  2.6875917483667027E+00
  2.1724155888182853E+01  2.6369341450780572E+00
  2.1904065770459354E+01  2.5881126778064449E+00
  2.2083975655257387E+01  2.5410261301239032E+00
  2.2263885542515631E+01  2.4955739894441127E+00
  2.2443795432174841E+01  2.4516555743069421E+00
  2.2623705324177603E+01  2.4091702914424378E+00
  2.2803615218468313E+01  2.3680177559305315E+00
  2.2983525114993164E+01  2.3280962117927460E+00
  2.3163435013699917E+01  2.2893059270866907E+00
  2.3343344914537987E+01  2.2515462820303687E+00
  2.3523254817458401E+01  2.2147161155401909E+00
  2.3703164722413597E+01  2.1787145847580489E+00
  2.3883074629357427E+01  2.1434419889214809E+00
  2.4062984538245253E+01  2.1087963526945934E+00
  2.4242894449033582E+01  2.0746778326182769E+00
  2.4422804361680299E+01  2.0409857340007824E+00
  2.4602714276144539E+01  2.0076189413565837E+00
  2.4782624192386553E+01  1.9744771260059535E+00
  2.4962534110367830E+01  1.9414596397607953E+00
  2.5142444030050861E+01  1.9084763344577163E+00
  2.5322353951399261E+01  1.8755210790693031E+00
  2.5502263874377647E+01  1.8426244529419937E+00
  2.5682173798951638E+01  1.8098186740240847E+00
  2.5862083725087860E+01  1.7771344810708143E+00
  2.6041993652753703E+01  1.7446040706523811E+00
  2.6221903581917626E+01  1.7122583198686012E+00
  2.6401813512548888E+01  1.6801295277672701E+00
  2.6581723444617499E+01  1.6482485632934687E+00
  2.6761633378094398E+01  1.6166469264207153E+00
  2.6941543312951222E+01  1.5853562896597053E+00
  2.7121453249160385E+01  1.5544082676850153E+00
  2.7301363186695021E+01  1.5238343184779441E+00
  2.7481273125528951E+01  1.4936657956507366E+00
  2.7661183065636706E+01  1.4639340708451680E+00
  2.7841093006993503E+01  1.4346710550013175E+00
  2.8021002949575077E+01  1.4059079888875465E+00
  2.8200912893357906E+01  1.3776764288781593E+00
  2.8380822838318984E+01  1.3500079298194321E+00
  2.8560732784435931E+01  1.3229338984170835E+00
  2.8740642731686915E+01  1.2964858663570313E+00
  2.8920552680050651E+01  1.2706954035552982E+00
  2.9100462629506321E+01  1.2455939334116810E+00
  2.9280372580033713E+01  1.2212128626646468E+00
  2.9460282531613032E+01  1.1975838892672470E+00
  2.9640192484225000E+01  1.1747384695943666E+00
  2.9820102437850807E+01  1.1527079614917766E+00
  3.0000012392472051E+01  1.1315240955320787E+00
  3.0179922348070821E+01  1.1112075725768857E+00
  3.0359832304629595E+01  1.0917370824748871E+00
  3.0539742262131242E+01  1.0730809426483094E+00
  3.0719652220559134E+01  1.0552067780008945E+00
  3.0899562179896922E+01  1.0380826577659290E+00
  3.1079472140128637E+01  1.0216769717927345E+00
  3.1259382101238742E+01  1.0059574884466838E+00
  3.1439292063212054E+01  9.9089235959739785E-01
  3.1619202026033612E+01  9.7644982137176850E-01
  3.1799111989688971E+01  9.6259757240190236E-01
  3.1979021954163887E+01  9.4930368415975674E-01
  3.2158931919444491E+01  9.3653647573535559E-01
  3.2338841885517155E+01  9.2426374230735819E-01
  3.2518751852368638E+01  9.1245355337003142E-01
  3.2698661819985922E+01  9.0107416975861887E-01
  3.2878571788356332E+01  8.9009343371534966E-01
  3.3058481757467383E+01  8.7947942691527081E-01
  3.3238391727306961E+01  8.6920023971641325E-01
  3.3418301697863129E+01  8.5922384198015000E-01
  3.3598211669124268E+01  8.4951838052261075E-01
  3.3778121641078961E+01  8.4005190246736705E-01
  3.3958031613716024E+01  8.3079232044502804E-01
  3.4137941587024585E+01  8.2170793076431026E-01
  3.4317851560993873E+01  8.1276639466994482E-01
  3.4497761535613463E+01  8.0393608807804517E-01
  3.4677671510873068E+01  7.9518481773855221E-01
  3.4857581486762641E+01  7.8648087362513253E-01
  3.5037491463272360E+01  7.7779224296213345E-01
  3.5217401440392564E+01  7.6909777603002905E-01
  3.5397311418113787E+01  7.6039967780160012E-01
  3.5577221396426836E+01  7.5170335801146848E-01
  3.5757131375322544E+01  7.4301413513587877E-01
  3.5937041354792072E+01  7.3433742972499161E-01
  3.6116951334826695E+01  7.2567854690499944E-01
  3.6296861315417893E+01  7.1704278557897616E-01
  3.6476771296557253E+01  7.0843552391701547E-01
  3.6656681278236555E+01  6.9986217352484614E-01
  3.6836591260447783E+01  6.9132791989649733E-01
  3.7016501243183001E+01  6.8283843443321723E-01
  3.7196411226434499E+01  6.7439859508757882E-01
  3.7376321210194625E+01  6.6601413315438796E-01
  3.7556231194455982E+01  6.5769022717106407E-01
  3.7736141179211216E+01  6.4943224295020219E-01
  3.7916051164453201E+01  6.4124555125447535E-01
  3.8095961150174830E+01  6.3313549854681905E-01
  3.8275871136369233E+01  6.2510747426273672E-01
  3.8455781123029645E+01  6.1716670871616630E-01
  3.8635691110149381E+01  6.0931867859172228E-01
  3.8815601097721903E+01  6.0156864765650087E-01
  3.8995511085740837E+01  5.9392197739642982E-01
  3.9175421074199839E+01  5.8638406561118639E-01
  3.9355331063092741E+01  5.7896013479223618E-01
  3.9535241052413490E+01  5.7165565668289653E-01
  3.9715151042156130E+01  5.6447595956922891E-01
  3.9895061032314786E+01  5.5742635115149386E-01
  4.0074971022883673E+01  5.5051216368922695E-01
  4.0254881013857208E+01  5.4373479561450144E-01
  4.0434791005229791E+01  5.3709139574516318E-01
  4.0614700996996021E+01  5.3057846901674866E-01
  4.0794610989150485E+01  5.2419281715972088E-01
  4.0974520981687924E+01  5.1793094631148995E-01
  4.1154430974603216E+01  5.1178977957533445E-01
  4.1334340967891237E+01  5.0576591305443397E-01
  4.1514250961546985E+01  4.9985587002865667E-01
  4.1694160955565572E+01  4.9405656745228893E-01
  4.1874070949942165E+01  4.8836449214559274E-01
  4.2053980944671984E+01  4.8277642932479187E-01
  4.2233890939750417E+01  4.7728903770759795E-01
  4.2413800935172830E+01  4.7189898444285261E-01
  4.2593710930934712E+01  4.6660292027948291E-01
  4.2773620927031679E+01  4.6139754861839027E-01
  4.2953530923459297E+01  4.5627959202216811E-01
  4.3133440920213317E+01  4.5124566319186238E-01
  4.3313350917289526E+01  4.4629248406516597E-01
  4.3493260914683745E+01  4.4141675926699914E-01
  4.3673170912391861E+01  4.3661507881011502E-01
  4.3853080910409929E+01  4.3188422350718836E-01
  4.4032990908733929E+01  4.2722075573946405E-01
  4.4212900907360016E+01  4.2262142928426943E-01
  4.4392810906284311E+01  4.1808289033613194E-01
  4.4572720905503097E+01  4.1360193268476420E-01
  4.4752630905012630E+01  4.0917509723121387E-01
  4.4932540904809294E+01  4.0479907388367031E-01
  4.5112450904889442E+01  4.0047073177431836E-01
  4.5292360905249581E+01  3.9618840865367905E-01
  4.5472270905886205E+01  3.9195174220442741E-01
  4.5652180906795898E+01  3.8776019403473416E-01
  4.5832090907975285E+01  3.8361346891234954E-01
  4.6012000909421040E+01  3.7951109005434530E-01
  4.6191910911129881E+01  3.7545258306954571E-01
  4.6371820913098610E+01  3.7143767200326366E-01
  4.6551730915324022E+01  3.6746585805504800E-01
  4.6731640917802991E+01  3.6353672289147837E-01
  4.6911550920532456E+01  3.5964980879047781E-01
  4.7091460923509388E+01  3.5580483687716319E-01
  4.7271370926730782E+01  3.5200122841074322E-01
  4.7451280930193690E+01  3.4823870965225706E-01
  4.7631190933895205E+01  3.4451673153300827E-01
  4.7811100937832514E+01  3.4083492591178399E-01
  4.7991010942002752E+01  3.3719295638162200E-01
  4.8170920946403150E+01  3.3359027604230868E-01
  4.8350830951031000E+01  3.3002658023399833E-01
  4.8530740955883573E+01  3.2650137204061508E-01
  4.8710650960958233E+01  3.2301426746355999E-01
  4.8890560966252366E+01  3.1956486438843967E-01
  4.9070470971763363E+01  3.1615275459965880E-01
  4.9250380977488703E+01  3.1277743974986477E-01
  4.9430290983425870E+01  3.0943854153947292E-01
  4.9610200989572398E+01  3.0613571705634085E-01
  4.9790110995925815E+01  3.0286849410461886E-01
  4.9970021002483769E+01  2.9963647044812158E-01
  5.0149931009243858E+01  2.9643920441901139E-01
  5.0329841016203737E+01  2.9327667820587811E-01
  5.0509751023361112E+01  2.9014884322259893E-01
  5.0689661030713694E+01  2.8705570295760846E-01
  5.0869571038259259E+01  2.8399730818544755E-01
  5.1049481045995577E+01  2.8097363220533073E-01
  5.1229391053920466E+01  2.7798467837871521E-01
  5.1409301062031787E+01  2.7503047604648312E-01
  5.1589211070327408E+01  2.7211101880013638E-01
  5.1769121078805235E+01  2.6922628464997489E-01
  5.1949031087463176E+01  2.6637632821848645E-01
  5.2128941096299222E+01  2.6356112228195083E-01
  5.2308851105311355E+01  2.6078069427406358E-01
  5.2488761114497571E+01  2.5803501591192657E-01
  5.2668671123855894E+01  2.5532411865422255E-01
  5.2848581133384428E+01  2.5264797038386771E-01
  5.3028491143081240E+01  2.5000665849791637E-01
  5.3208401152944447E+01  2.4740009848153335E-01
  5.3388311162972187E+01  2.4482837938938193E-01
  5.3568221173162620E+01  2.4229141757951508E-01
  5.3748131183513927E+01  2.3978928670340438E-01
  5.3928041194024338E+01  2.3732201029337366E-01
  5.4107951204692050E+01  2.3488946001855091E-01
  5.4287861215515349E+01  2.3249181682564604E-01
  5.4467771226492502E+01  2.3012893779589502E-01
  5.4647681237621782E+01  2.2780096235974562E-01
  5.4827591248901548E+01  2.2550777658657195E-01
  5.5007501260330095E+01  2.2324944556505399E-01
  5.5187411271905809E+01  2.2102588160800163E-01
  5.5367321283627071E+01  2.1883660257530838E-01
  5.5547231295492267E+01  2.1668100022020131E-01
  5.5727141307499821E+01  2.1455855361835074E-01
  5.5907051319648183E+01  2.1246871146824270E-01
  5.6086961331935790E+01  2.1041092061257863E-01
  5.6266871344361121E+01  2.0838458479838684E-01
  5.6446781356922678E+01  2.0638920227290125E-01
  5.6626691369618989E+01  2.0442418607090640E-01
  5.6806601382448534E+01  2.0248895592970839E-01
  5.6986511395409892E+01  2.0058297894550714E-01
  5.7166421408501641E+01  1.9870570341378049E-01
  5.7346331421722333E+01  1.9685655501961724E-01
  5.7526241435070595E+01  1.9503499464264673E-01
  5.7706151448545000E+01  1.9324045064847306E-01
  5.7886061462144184E+01  1.9147234809997327E-01
  5.8065971475866824E+01  1.8973016627071931E-01
  5.8245881489711557E+01  1.8801333183475263E-01
  5.8425791503677061E+01  1.8632127017035860E-01
  5.8605701517762029E+01  1.8465342991611450E-01
  5.8785611531965166E+01  1.8300928491375906E-01
  5.8965521546285203E+01  1.8138824021704897E-01
  5.9145431560720858E+01  1.7978976646424247E-01
  5.9325341575270876E+01  1.7821325790177209E-01
  5.9505251589934041E+01  1.7665820838827151E-01
  5.9685161604709094E+01  1.7512404896011208E-01
  5.9865071619594879E+01  1.7361019896940225E-01
  6.0044981634590137E+01  1.7211611144045458E-01
  6.0224891649693731E+01  1.7064131840971483E-01
  6.0404801664904454E+01  1.6918549383046094E-01
  6.0584711680221162E+01  1.6774834247495160E-01
  6.0764621695642710E+01  1.6632954803414171E-01
  6.0944531711167983E+01  1.6492884463030211E-01
  6.1124441726795808E+01  1.6354585748877060E-01
  6.1304351742525135E+01  1.6218037943346905E-01
  6.1484261758354791E+01  1.6083202437321362E-01
  6.1664171774283766E+01  1.5950054874998870E-01
  6.1844081790310931E+01  1.5818561679671325E-01
  6.2023991806435241E+01  1.5688694134516809E-01
  6.2203901822655631E+01  1.5560420875993650E-01
  6.2383811838971077E+01  1.5433713912717886E-01
  6.2563721855380550E+01  1.5308541701009101E-01
  6.2743631871882990E+01  1.5184874275774787E-01
  6.2923541888477409E+01  1.5062680875294687E-01
  6.3103451905162800E+01  1.4941931562631910E-01
  6.3283361921938180E+01  1.4822597208737237E-01
  6.3463271938802578E+01  1.4704644805073067E-01
  6.3643181955754976E+01  1.4588046855251705E-01
  6.3823091972794465E+01  1.4472773109276466E-01
  6.4003001989920051E+01  1.4358793938351316E-01
  6.4182912007130810E+01  1.4246076577829386E-01
  6.4362822024425810E+01  1.4134592709397636E-01
  6.4542732041804086E+01  1.4024309896450876E-01
  6.4722642059264771E+01  1.3915202860993067E-01
  6.4902552076806941E+01  1.3807235681046170E-01
  6.5082462094429687E+01  1.3700381776097906E-01
  6.5262372112132141E+01  1.3594617130531109E-01
  6.5442282129913394E+01  1.3489931151048740E-01
  6.5622192147772566E+01  1.3386307844538567E-01
  6.5802102165708803E+01  1.3283733395483865E-01
  6.5982012183721253E+01  1.3182197717655372E-01
  6.6161922201809034E+01  1.3081684197875801E-01
  6.6341832219971351E+01  1.2982182229789871E-01
  6.6521742238207352E+01  1.2883677450837702E-01
  6.6701652256516184E+01  1.2786154531323654E-01
  6.6881562274897050E+01  1.2689603379412842E-01
  6.7061472293349127E+01  1.2594008687478661E-01
  6.7241382311871590E+01  1.2499358161536959E-01
  6.7421292330463672E+01  1.2405638387468129E-01
  6.7601202349124563E+01  1.2312835496072067E-01
  6.7781112367853495E+01  1.2220937168832705E-01
  6.7961022386649660E+01  1.2129930703319493E-01
  6.8140932405512302E+01  1.2039799600426003E-01
  6.8320842424440656E+01  1.1950535859702344E-01
  6.8500752443433967E+01  1.1862122197131772E-01
  6.8680662462491469E+01  1.1774545993327123E-01
  6.8860572481612408E+01  1.1687794452804505E-01
  6.9040482500796088E+01  1.1601852971711940E-01
  6.9220392520041727E+01  1.1516711554237823E-01
  6.9400302539348601E+01  1.1432353294746475E-01
  6.9580212558716013E+01  1.1348768160267585E-01
  6.9760122578143225E+01  1.1265940243312811E-01
  6.9940032597629539E+01  1.1183855882756399E-01
  7.0119942617174232E+01  1.1102506887139134E-01
  7.0299852636776635E+01  1.1021882846733128E-01
  7.0479762656436009E+01  1.0941983671959471E-01
  7.0659672676151700E+01  1.0862810680829081E-01
  7.0839582695922999E+01  1.0784360039633611E-01
  7.1019492715749266E+01  1.0706634265238785E-01
  7.1199402735629775E+01  1.0629626743999808E-01
  7.1379312755563916E+01  1.0553341890314602E-01
  7.1559222775550950E+01  1.0477775388931333E-01
  7.1739132795590280E+01  1.0402928002512728E-01
  7.1919042815681237E+01  1.0328797990658636E-01
  7.2098952835823169E+01  1.0255383147881952E-01
  7.2278862856015422E+01  1.0182685055801384E-01
  7.2458772876257370E+01  1.0110700773376785E-01
  7.2638682896548360E+01  1.0039429561194839E-01
  7.2818592916887795E+01  9.9688712940406529E-02
  7.2998502937274992E+01  9.8990238222424073E-02
  7.3178412957709384E+01  9.8298871690941453E-02
  7.3358322978190330E+01  9.7614590477141328E-02
  7.3538232998717206E+01  9.6937395241457197E-02
  7.3718143019289414E+01  9.6267262831074826E-02
  7.3898053039906358E+01  9.5604207051499843E-02
  7.4077963060567413E+01  9.4948186308476484E-02
  7.4257873081271995E+01  9.4299228502233767E-02
  7.4437783102019509E+01  9.3657282153924562E-02
  7.4617693122809357E+01  9.3022361349775123E-02
  7.4797603143640998E+01  9.2394452095444266E-02
  7.4977513164513766E+01  9.1773550217138081E-02
  7.5157423185427135E+01  9.1159610317907785E-02
  7.5337333206380521E+01  9.0552562656260632E-02
  7.5517243227373342E+01  8.9952242654534054E-02
  7.5697153248405044E+01  8.9358539077459734E-02
  7.5877063269475073E+01  8.8771324862173900E-02
  7.6056973290582832E+01  8.8190460964019751E-02
  7.6236883311727780E+01  8.7615808581422733E-02
  7.6416793332909350E+01  8.7047257968284802E-02
  7.6596703354127015E+01  8.6484675754120804E-02
  7.6776613375380208E+01  8.5927912210447627E-02
  7.6956523396668373E+01  8.5376848653911208E-02
  7.7136433417991000E+01  8.4831366297757796E-02
  7.7316343439347492E+01  8.4291306958935774E-02
  7.7496253460737378E+01  8.3756567595024423E-02
  7.7676163482160078E+01  8.3226991408749604E-02
  7.7856073503615079E+01  8.2702474486180261E-02
  7.8035983525101841E+01  8.2182867241244642E-02
  7.8215893546619839E+01  8.1668050297428643E-02
  7.8395803568168560E+01  8.1157890671120184E-02
  7.8575713589747480E+01  8.0652260727757469E-02
  7.8755623611356071E+01  8.0151019526628023E-02
  7.8935533632993796E+01  7.9654039807635996E-02
  7.9115443654660197E+01  7.9161188020846512E-02
  7.9295353676354722E+01  7.8672357953221889E-02
  7.9475263698076873E+01  7.8187388538444300E-02
  7.9655173719826124E+01  7.7706152245962848E-02
  7.9835083741602020E+01  7.7228544138493019E-02
  8.0014993763403993E+01  7.6754400944170423E-02
  8.0194903785231588E+01  7.6283662435114863E-02
  8.0374813807084308E+01  7.5816326404719955E-02
  8.0554723828961642E+01  7.5352434849453143E-02
  8.0734633850863091E+01  7.4892030599931006E-02
  8.0914543872788158E+01  7.4435150398117780E-02
  8.1094453894736375E+01  7.3981846293985631E-02
  8.1274363916707244E+01  7.3532156092365450E-02
  8.1454273938700283E+01  7.3086127758172886E-02
  8.1634183960714992E+01  7.2643791203171604E-02
  8.1814093982750890E+01  7.2205187155588227E-02
  8.1994004004807522E+01  7.1770368304047039E-02
  8.2173914026884376E+01  7.1339371465904217E-02
  8.2353824048980997E+01  7.0912219321296086E-02
  8.2533734071096902E+01  7.0488981826591815E-02
  8.2713644093231608E+01  7.0069682290885851E-02
  8.2893554115384646E+01  6.9654376643017060E-02
  8.3073464137555561E+01  6.9243094122247897E-02
  8.3253374159743856E+01  6.8835887386544517E-02
  8.3433284181949091E+01  6.8432770783983590E-02
  8.3613194204170767E+01  6.8033813828932102E-02
  8.3793104226408431E+01  6.7639064389095935E-02
  8.3973014248661642E+01  6.7248524390279396E-02
  8.4152924270929887E+01  6.6862276267639201E-02
  8.4332834293212770E+01  6.6480349292577137E-02
  8.4512744315509764E+01  6.6102758790621371E-02
  8.4692654337820429E+01  6.5729579920212361E-02
  8.4872564360144338E+01  6.5360840448111426E-02
  8.5052474382481009E+01  6.4996579042538763E-02
  8.5232384404829958E+01  6.4636810199191208E-02
  8.5412294427190773E+01  6.4281422616307995E-02
  8.5592204449562985E+01  6.3930341296987159E-02
  8.5772114471946125E+01  6.3583469394773662E-02
  8.5952024494339767E+01  6.3240732908848407E-02
  8.6131934516743428E+01  6.2902026991616566E-02
  8.6311844539156695E+01  6.2567270117633481E-02
  8.6491754561579086E+01  6.2236368812817244E-02
  8.6671664584010145E+01  6.1909230243169876E-02
  8.6851574606449446E+01  6.1585767309699550E-02
  8.7031484628896521E+01  6.1265885408473761E-02
  8.7211394651350957E+01  6.0949505534490876E-02
  8.7391304673812257E+01  6.0636526634074338E-02
  8.7571214696280023E+01  6.0326867253339057E-02
  8.7751124718753772E+01  6.0020437645952024E-02
  8.7931034741233077E+01  5.9717138898083021E-02
  8.8110944763717470E+01  5.9416893315372886E-02
  8.8290854786206523E+01  5.9119594409339782E-02
  8.8470764808699784E+01  5.8825167808600184E-02
  8.8650674831196838E+01  5.8533516383908517E-02
  8.8830584853697204E+01  5.8244547457520328E-02
  8.9010494876200454E+01  5.7958171950202080E-02
  8.9190404898706149E+01  5.7674317786887655E-02
  8.9370314921213819E+01  5.7392870157433051E-02
  8.9550224943723052E+01  5.7113754505383592E-02
  8.9730134966233393E+01  5.6836877839168090E-02
  8.9910044988744389E+01  5.6562139448946058E-02
  9.0089955011255597E+01  5.6289461615008050E-02
  9.0269865033766621E+01  5.6018809796946969E-02
  9.0449775056276962E+01  5.5750203357397443E-02
  9.0629685078786181E+01  5.5483664298306160E-02
  9.0809595101293866E+01  5.5219215316331338E-02
  9.0989505123799546E+01  5.4956863763243304E-02
  9.1169415146302796E+01  5.4696653842402902E-02
  9.1349325168803162E+01  5.4438601258404662E-02
  9.1529235191300202E+01  5.4182712862081144E-02
  9.1709145213793491E+01  5.3929015138268394E-02
  9.1889055236282530E+01  5.3677548705524478E-02
  9.2068965258766937E+01  5.3428306543783992E-02
  9.2248875281246242E+01  5.3181335998191567E-02
  9.2428785303719991E+01  5.2936642167011674E-02
  9.2608695326187728E+01  5.2694250803503151E-02
  9.2788605348649043E+01  5.2454176438673707E-02
  9.2968515371103479E+01  5.2216464040052903E-02
  9.3148425393550539E+01  5.1981117143363370E-02
  9.3328335415989869E+01  5.1748145701695718E-02
  9.3508245438420929E+01  5.1517597100537368E-02
  9.3688155460843319E+01  5.1289469806088228E-02
  9.3868065483256558E+01  5.1063812572444786E-02
  9.4047975505660219E+01  5.0840628749093127E-02
  9.4227885528053875E+01  5.0619933684703501E-02
  9.4407795550437015E+01  5.0401762317813036E-02
  9.4587705572809227E+01  5.0186125996187096E-02
  9.4767615595170028E+01  4.9973056529692285E-02
  9.4947525617519005E+01  4.9762568681985413E-02
  9.5127435639855662E+01  4.9554681187304904E-02
  9.5307345662179557E+01  4.9349375213817208E-02
  9.5487255684490250E+01  4.9146596201954391E-02
  9.5667165706787245E+01  4.8946297105522341E-02
  9.5847075729070113E+01  4.8748434333395478E-02
  9.6026985751338358E+01  4.8552959604568222E-02
  9.6206895773591569E+01  4.8359824200744937E-02
  9.6386805795829247E+01  4.8168987535520610E-02
  9.6566715818050923E+01  4.7980386420279929E-02
  9.6746625840256144E+01  4.7793986418676236E-02
  9.6926535862444453E+01  4.7609728551042126E-02
  9.7106445884615354E+01  4.7427575411473126E-02
  9.7286355906768406E+01  4.7247482501533301E-02
  9.7466265928903113E+01  4.7069390019811183E-02
  9.7646175951019003E+01  4.6893253363348472E-02
  9.7826085973115624E+01  4.6719035252218433E-02
  9.8005995995192478E+01  4.6546672171646077E-02
  9.8185906017249110E+01  4.6376131012250646E-02
  9.8365816039285036E+01  4.6207355483422981E-02
  9.8545726061299732E+01  4.6040301171800392E-02
  9.8725636083292756E+01  4.5874918942232265E-02
  9.8905546105263639E+01  4.5711165206829281E-02
  9.9085456127211842E+01  4.5548979803604887E-02
  9.9265366149136938E+01  4.5388333011953642E-02
  9.9445276171038358E+01  4.5229168940297916E-02
  9.9625186192915706E+01  4.5071435300395896E-02
  9.9805096214768398E+01  4.4915090342552595E-02
  9.9985006236596007E+01  4.4760083584499226E-02
  1.0016491625839799E+02  4.4606377030917660E-02
  1.0034482628017386E+02  4.4453963363643018E-02
  1.0052473630192313E+02  4.4302830374536709E-02
  1.0070464632364528E+02  4.4152990943788904E-02
  1.0088455634533982E+02  4.4004439604548203E-02
  1.0106446636700619E+02  4.3857177230830373E-02
  1.0124437638864396E+02  4.3711200893845843E-02
  1.0142428641025253E+02  4.3566520971560163E-02
  1.0160419643183144E+02  4.3423133663962797E-02
  1.0178410645338018E+02  4.3281034684803509E-02
  1.0196401647489817E+02  4.3140227846291609E-02
  1.0214392649638495E+02  4.3000711232494174E-02
  1.0232383651783994E+02  4.2862490168699481E-02
  1.0250374653926262E+02  4.2725562591513069E-02
  1.0268365656065249E+02  4.2589927828998259E-02
  1.0286356658200903E+02  4.2455581881246512E-02
  1.0304347660333164E+02  4.2322537599633975E-02
  1.0322338662461979E+02  4.2190784431042329E-02
  1.0340329664587300E+02  4.2060323355517563E-02
  1.0358320666709065E+02  4.1931159323472383E-02
  1.0376311668827222E+02  4.1803291706201243E-02
  1.0394302670941717E+02  4.1676724303633568E-02
  1.0412293673052494E+02  4.1551446964870453E-02
  1.0430284675159497E+02  4.1427468541270059E-02
  1.0448275677262666E+02  4.1304790332512734E-02
  1.0466266679361949E+02  4.1183407767428473E-02
  1.0484257681457288E+02  4.1063326095373456E-02
  1.0502248683548626E+02  4.0944537138070392E-02
  1.0520239685635903E+02  4.0827056541237028E-02
  1.0538230687719063E+02  4.0710905062572307E-02
  1.0556221689798049E+02  4.0596109598932922E-02
  1.0574212691872800E+02  4.0482703024434824E-02
  1.0592203693943259E+02  4.0370701500403762E-02
  1.0610194696009364E+02  4.0260152993087502E-02
  1.0628185698071060E+02  4.0151065218245817E-02
  1.0646176700128279E+02  4.0043478186816542E-02
  1.0664167702180968E+02  3.9937414772490812E-02
  1.0682158704229063E+02  3.9832901175616796E-02
  1.0700149706272502E+02  3.9729966529003256E-02
  1.0718140708311222E+02  3.9628641777504525E-02
  1.0736131710345164E+02  3.9528948891730975E-02
  1.0754122712374264E+02  3.9430921013553173E-02
  1.0772113714398458E+02  3.9334584454289584E-02
  1.0790104716417684E+02  3.9239969014444959E-02
  1.0808095718431876E+02  3.9147089594441187E-02
  1.0826086720440972E+02  3.9055997793471006E-02
  1.0844077722444906E+02  3.8966698554964110E-02
  1.0862068724443610E+02  3.8879227744519414E-02
  1.0880059726437023E+02  3.8793616346205088E-02
  1.0898050728425073E+02  3.8709893669217198E-02
  1.0916041730407701E+02  3.8628074713952076E-02
  1.0934032732384831E+02  3.8548203542492297E-02
  1.0952023734356401E+02  3.8470299663136268E-02
  1.0970014736322338E+02  3.8394388897817343E-02
  1.0988005738282577E+02  3.8320500649957234E-02
  1.1005996740237046E+02  3.8248665441635139E-02
  1.1023987742185676E+02  3.8178864356191083E-02
  1.1041978744128400E+02  3.8111015292131942E-02
  1.1059969746065141E+02  3.8045023880539972E-02
  1.1077960747995827E+02  3.7980803287557686E-02
  1.1095951749920393E+02  3.7918266071816600E-02
  1.1113942751838759E+02  3.7857323726612602E-02
  1.1131933753750855E+02  3.7797886398239132E-02
  1.1149924755656605E+02  3.7739864685046795E-02
  1.1167915757555936E+02  3.7683160167188860E-02
  1.1185906759448770E+02  3.7627701433676469E-02
  1.1203897761335034E+02  3.7573382714480810E-02
  1.1221888763214652E+02  3.7520121614614675E-02
  1.1239879765087544E+02  3.7467829424316007E-02
  1.1257870766953633E+02  3.7416412643126493E-02
  1.1275861768812842E+02  3.7365783925266627E-02
  1.1293852770665089E+02  3.7315857332327611E-02
  1.1311843772510295E+02  3.7266541647532972E-02
  1.1329834774348382E+02  3.7217743499305164E-02
  1.1347825776179266E+02  3.7169381528201276E-02
  1.1365816778002865E+02  3.7121354760052731E-02
  1.1383807779819097E+02  3.7073583248417120E-02
  1.1401798781627876E+02  3.7025977477220549E-02
  1.1419789783429120E+02  3.6978442507952382E-02
  1.1437780785222743E+02  3.6930892639086846E-02
  1.1455771787008662E+02  3.6883238203812015E-02
  1.1473762788786786E+02  3.6835390329866463E-02
  1.1491753790557031E+02  3.6787253999322374E-02
  1.1509744792319306E+02  3.6738757562200054E-02
  1.1527735794073524E+02  3.6689844289178049E-02
  1.1545726795819591E+02  3.6640536011502189E-02
  1.1563717797557420E+02  3.6590844129523882E-02
  1.1581708799286920E+02  3.6540779364077937E-02
  1.1599699801007996E+02  3.6490348322369942E-02
  1.1617690802720553E+02  3.6439564658785221E-02
  1.1635681804424503E+02  3.6388434772509914E-02
  1.1653672806119744E+02  3.6336976982442259E-02
  1.1671663807806183E+02  3.6285202688809332E-02
  1.1689654809483721E+02  3.6233115001365980E-02
  1.1707645811152260E+02  3.6180728335398253E-02
  1.1725636812811702E+02  3.6128056142982361E-02
  1.1743627814461946E+02  3.6075111752378694E-02
  1.1761618816102892E+02  3.6021895652254408E-02
  1.1779609817734436E+02  3.5968429949318599E-02
  1.1797600819356477E+02  3.5914722143721850E-02
  1.1815591820968908E+02  3.5860781738771004E-02
  1.1833582822571624E+02  3.5806619436887795E-02
  1.1851573824164521E+02  3.5752244529614265E-02
  1.1869564825747490E+02  3.5697676121765443E-02
  1.1887555827320421E+02  3.5642914111808942E-02
  1.1905546828883205E+02  3.5587976900053039E-02
  1.1923537830435728E+02  3.5532877933534560E-02
  1.1941528831977885E+02  3.5477616724326151E-02
  1.1959519833509555E+02  3.5422217613295476E-02
  1.1977510835030627E+02  3.5366684091744878E-02
  1.1995501836540987E+02  3.5311027977180977E-02
  1.2013492838040513E+02  3.5255263761488354E-02
  1.2031483839529091E+02  3.5199406445286852E-02
  1.2049474841006597E+02  3.5143499105132182E-02
  1.2067465842472913E+02  3.5087552389984268E-02
  1.2085456843927913E+02  3.5031590463376894E-02
  1.2103447845371480E+02  3.4975654948220254E-02
  1.2121438846803485E+02  3.4919771533773521E-02
  1.2139429848223799E+02  3.4863955220587599E-02
  1.2157420849632295E+02  3.4808245374468347E-02
  1.2175411851028845E+02  3.4752659959639602E-02
  1.2193402852413317E+02  3.4697234746376357E-02
  1.2211393853785582E+02  3.4641988128627593E-02
  1.2229384855145503E+02  3.4586954121093402E-02
  1.2247375856492941E+02  3.4532151016603799E-02
  1.2265366857827767E+02  3.4477614632186189E-02
  1.2283357859149837E+02  3.4423370323465992E-02
  1.2301348860459012E+02  3.4369442718158720E-02
  1.2319339861755148E+02  3.4315857816699775E-02
  1.2337330863038102E+02  3.4262648924852854E-02
  1.2355321864307732E+02  3.4209831434719187E-02
  1.2373312865563889E+02  3.4157444479735906E-02
  1.2391303866806422E+02  3.4105509882757803E-02
  1.2409294868035184E+02  3.4054052190985729E-02
  1.2427285869250019E+02  3.4003101104906265E-02
  1.2445276870450770E+02  3.3952689946314507E-02
  1.2463267871637292E+02  3.3902834076067360E-02
  1.2481258872809418E+02  3.3853565290446419E-02
  1.2499249873966991E+02  3.3804916138607609E-02
  1.2517240875109846E+02  3.3756893166007558E-02
  1.2535231876237822E+02  3.3709477400261832E-02
  1.2553222877350750E+02  3.3662605540525269E-02
  1.2571213878448465E+02  3.3616243829774510E-02
  1.2589204879530796E+02  3.3570342613770197E-02
  1.2607195880597565E+02  3.3524860000575217E-02
  1.2625186881648609E+02  3.3479746445847065E-02
  1.2643177882683737E+02  3.3434953294823426E-02
  1.2661168883702781E+02  3.3390443346776412E-02
  1.2679159884705557E+02  3.3346164055348251E-02
  1.2697150885691877E+02  3.3302073168954199E-02
  1.2715141886661557E+02  3.3258118220574534E-02
  1.2733132887614411E+02  3.3214259930169104E-02
  1.2751123888550244E+02  3.3170453984416842E-02
  1.2769114889468865E+02  3.3126644338503791E-02
  1.2787105890370080E+02  3.3082797391726884E-02
  1.2805096891253680E+02  3.3038860798718615E-02
  1.2823087892119474E+02  3.2994792410195380E-02
  1.2841078892967258E+02  3.2950537391486123E-02
  1.2859069893796823E+02  3.2906062667440471E-02
  1.2877060894607953E+02  3.2861308810924000E-02
  1.2895051895400442E+02  3.2816245457210784E-02
  1.2913042896174073E+02  3.2770813270591122E-02
  1.2931033896928631E+02  3.2724971271688656E-02
  1.2949024897663890E+02  3.2678675164699834E-02
  1.2967015898379628E+02  3.2631883335321715E-02
  1.2985006899075614E+02  3.2584536272895412E-02
  1.3002997899751625E+02  3.2536601141382883E-02
  1.3020988900407420E+02  3.2488058213203969E-02
  1.3038979901042762E+02  3.2438967945541214E-02
  1.3056970901657414E+02  3.2389419059322799E-02
  1.3074961902251133E+02  3.2339472293729438E-02
  1.3092952902823666E+02  3.2289216072667791E-02
  1.3110943903374763E+02  3.2238713546858686E-02
  1.3128934903904175E+02  3.2188055034684332E-02
  1.3146925904411646E+02  3.2137303076468331E-02
  1.3164916904896901E+02  3.2086536568246941E-02
  1.3182907905359687E+02  3.2035837055368353E-02
  1.3200898905799727E+02  3.1985274822718894E-02
  1.3218889906216751E+02  3.1934929478225946E-02
  1.3236880906610480E+02  3.1884870272559984E-02
  1.3254871906980631E+02  3.1835184030860345E-02
  1.3272862907326922E+02  3.1785933273390514E-02
  1.3290853907649060E+02  3.1737204579403933E-02
  1.3308844907946755E+02  3.1689067973675503E-02
  1.3326835908219704E+02  3.1641594292956321E-02
  1.3344826908467599E+02  3.1594877208079221E-02
  1.3362817908690138E+02  3.1548971914248637E-02
  1.3380808908887013E+02  3.1503960725535261E-02
  1.3398799909057894E+02  3.1459929513214246E-02
  1.3416790909202473E+02  3.1416944942399883E-02
  1.3434781909320409E+02  3.1375077725836864E-02
  1.3452772909411382E+02  3.1334414188934526E-02
  1.3470763909475042E+02  3.1295028225381834E-02
  1.3488754909511056E+02  3.1256987335108927E-02
  1.3506745909519071E+02  3.1220376481013525E-02
  1.3524736909498736E+02  3.1185212730735094E-02
  1.3542727909449692E+02  3.1151458215020262E-02
  1.3560718909371570E+02  3.1119060488991022E-02
  1.3578709909264001E+02  3.1087976938200916E-02
  1.3596700909126608E+02  3.1058153247533818E-02
  1.3614691908959006E+02  3.1029545496034101E-02
  1.3632682908760813E+02  3.1002105937540887E-02
  1.3650673908531627E+02  3.0975780204415583E-02
  1.3668664908271046E+02  3.0950521676190192E-02
  1.3686655907978667E+02  3.0926293185319677E-02
  1.3704646907654072E+02  3.0903027530170095E-02
  1.3722637907296834E+02  3.0880693291121634E-02
  1.3740628906906528E+02  3.0859230910386313E-02
  1.3758619906482716E+02  3.0838604767790788E-02
  1.3776610906024956E+02  3.0818749626536607E-02
  1.3794601905532801E+02  3.0799634272657674E-02
  1.3812592905005783E+02  3.0781196596311518E-02
  1.3830583904443444E+02  3.0763394414693189E-02
  1.3848574903845304E+02  3.0746176702231908E-02
  1.3866565903210878E+02  3.0729502944663960E-02
  1.3884556902539677E+02  3.0713319531700044E-02
  1.3902547901831207E+02  3.0697576957528405E-02
  1.3920538901084950E+02  3.0682226093161409E-02
  1.3938529900300398E+02  3.0667221282280714E-02
  1.3956520899477019E+02  3.0652514267491507E-02
  1.3974511898614281E+02  3.0638055741569286E-02
  1.3992502897711637E+02  3.0623795895788859E-02
  1.4010493896768523E+02  3.0609694890676459E-02
  1.4028484895784388E+02  3.0595749757306386E-02
  1.4046475894758652E+02  3.0581991572858572E-02
  1.4064466893690727E+02  3.0568461904700375E-02
  1.4082457892580015E+02  3.0555196543023751E-02
  1.4100448891425916E+02  3.0542231892665878E-02
  1.4118439890227810E+02  3.0529607314320150E-02
  1.4136430888985063E+02  3.0517350572351078E-02
  1.4154421887697035E+02  3.0505510072560846E-02
  1.4172412886363077E+02  3.0494112942703617E-02
  1.4190403884982516E+02  3.0483202890451377E-02
  1.4208394883554681E+02  3.0472815290341945E-02
  1.4226385882078881E+02  3.0462985697408757E-02
  1.4244376880554404E+02  3.0453747208949267E-02
  1.4262367878980538E+02  3.0445137687653650E-02
  1.4280358877356551E+02  3.0437205009552135E-02
  1.4298349875681700E+02  3.0429968838479298E-02
  1.4316340873955224E+02  3.0423477207040101E-02
  1.4334331872176347E+02  3.0417768426265892E-02
  1.4352322870344275E+02  3.0412869382890180E-02
  1.4370313868458211E+02  3.0408823926362620E-02
  1.4388304866517331E+02  3.0405668384922476E-02
  1.4406295864520794E+02  3.0403433393680703E-02
  1.4424286862467747E+02  3.0402159323242143E-02
  1.4442277860357316E+02  3.0401889204830754E-02
  1.4460268858188621E+02  3.0402652875418375E-02
  1.4478259855960746E+02  3.0404489573689221E-02
  1.4496250853672765E+02  3.0407434290956610E-02
  1.4514241851323737E+02  3.0411524505564821E-02
  1.4532232848912693E+02  3.0416792348610184E-02
  1.4550223846438652E+02  3.0423279720960195E-02
  1.4568214843900617E+02  3.0431006306315140E-02
  1.4586205841297541E+02  3.0440015561116356E-02
  1.4604196838628400E+02  3.0450333289952732E-02
  1.4622187835892106E+02  3.0461998724636449E-02
  1.4640178833087575E+02  3.0475042366868786E-02
  1.4658169830213686E+02  3.0489500794185671E-02
  1.4676160827269305E+02  3.0505403555334040E-02
  1.4694151824253265E+02  3.0522784728330862E-02
  1.4712142821164366E+02  3.0541676913851217E-02
  1.4730133818001408E+02  3.0562114846855299E-02
  1.4748124814763136E+02  3.0584128745545686E-02
  1.4766115811448284E+02  3.0607757436285701E-02
  1.4784106808055552E+02  3.0633023592030871E-02
  1.4802097804583613E+02  3.0659975043487390E-02
  1.4820088801031102E+02  3.0688635086343726E-02
  1.4838079797396642E+02  3.0719038095472499E-02
  1.4856070793678796E+02  3.0751221401224198E-02
  1.4874061789876129E+02  3.0785212668429218E-02
  1.4892052785987138E+02  3.0821050553855523E-02
  1.4910043782010308E+02  3.0858761735789268E-02
  1.4928034777944086E+02  3.0898384199031612E-02
  1.4946025773786874E+02  3.0939949393484791E-02
  1.4964016769537039E+02  3.0983492872170223E-02
  1.4982007765192918E+02  3.1029047656881970E-02
  1.4999998760752797E+02  3.1076640604802794E-02
  1.5017989756214919E+02  3.1126297031849097E-02
  1.5035980751577500E+02  3.1177943313185800E-02
  1.5053971746838698E+02  3.1231507236082458E-02
  1.5071962741996632E+02  3.1286900328869098E-02
  1.5089953737049368E+02  3.1344037941717938E-02
  1.5107944731994934E+02  3.1402846817782638E-02
  1.5125935726831310E+02  3.1463244211118506E-02
  1.5143926721556409E+02  3.1525145230777388E-02
  1.5161917716168105E+02  3.1588467192228763E-02
  1.5179908710664213E+02  3.1653135675694277E-02
  1.5197899705042494E+02  3.1719059930215836E-02
  1.5215890699300650E+02  3.1786163149595953E-02
  1.5233881693436328E+02  3.1854363447092825E-02
  1.5251872687447104E+02  3.1923575000948126E-02
  1.5269863681330500E+02  3.1993727242037050E-02
  1.5287854675083960E+02  3.2064723678983949E-02
  1.5305845668704879E+02  3.2136492675444800E-02
  1.5323836662190558E+02  3.2208950520019979E-02
  1.5341827655538250E+02  3.2282014441679802E-02
  1.5359818648745113E+02  3.2355601358688438E-02
  1.5377809641808238E+02  3.2429634035438304E-02
  1.5395800634724628E+02  3.2504028915189706E-02
  1.5413791627491213E+02  3.2578698624071964E-02
  1.5431782620104838E+02  3.2653574400341653E-02
  1.5449773612562234E+02  3.2728565250426132E-02
  1.5467764604860076E+02  3.2803588871065034E-02
  1.5485755596994915E+02  3.2878561538101148E-02
  1.5503746588963219E+02  3.2953413747451546E-02
  1.5521737580761345E+02  3.3028076805758755E-02
  1.5539728572385548E+02  3.3102565190880992E-02
  1.5557719563831972E+02  3.3176884776034511E-02
  1.5575710555096643E+02  3.3251044856170177E-02
  1.5593701546175478E+02  3.3325058922875017E-02
  1.5611692537064258E+02  3.3398943821112075E-02
  1.5629683527758641E+02  3.3472704471733242E-02
  1.5647674518254161E+02  3.3546354265601597E-02
  1.5665665508546203E+02  3.3619900175150416E-02
  1.5683656498630009E+02  3.3693359110581168E-02
  1.5701647488500686E+02  3.3766741122345206E-02
  1.5719638478153169E+02  3.3840058040398691E-02
  1.5737629467582241E+02  3.3913317153890364E-02
  1.5755620456782518E+02  3.3986533872101661E-02
  1.5773611445748438E+02  3.4059714279352227E-02
  1.5791602434474260E+02  3.4132880293757009E-02
  1.5809593422954066E+02  3.4206029906472230E-02
  1.5827584411181715E+02  3.4279181018908249E-02
  1.5845575399150891E+02  3.4352348923495112E-02
  1.5863566386855041E+02  3.4425537132710134E-02
  1.5881557374287402E+02  3.4498765045349343E-02
  1.5899548361440989E+02  3.4572039050327415E-02
  1.5917539348308549E+02  3.4645368442687306E-02
  1.5935530334882597E+02  3.4718764058766186E-02
  1.5953521321155381E+02  3.4792246651729482E-02
  1.5971512307118871E+02  3.4865817275113030E-02
  1.5989503292764755E+02  3.4939489450733954E-02
  1.6007494278084408E+02  3.5013279883632210E-02
  1.6025485263068910E+02  3.5087213159485195E-02
  1.6043476247708998E+02  3.5161339808237289E-02
  1.6061467231995076E+02  3.5235711360755789E-02
  1.6079458215917171E+02  3.5310371102499107E-02
  1.6097449199464950E+02  3.5385387287847299E-02
  1.6115440182627691E+02  3.5460795286312741E-02
  1.6133431165394234E+02  3.5536653414733506E-02
  1.6151422147753004E+02  3.5613019203396372E-02
  1.6169413129691966E+02  3.5689928523631259E-02
  1.6187404111198612E+02  3.5767440713649547E-02
  1.6205395092259914E+02  3.5845605720618602E-02
  1.6223386072862348E+02  3.5924481482735041E-02
  1.6241377052991805E+02  3.6004106301335131E-02
  1.6259368032633611E+02  3.6084543043195284E-02
  1.6277359011772481E+02  3.6165833553485696E-02
  1.6295349990392475E+02  3.6248036698695398E-02
  1.6313340968476967E+02  3.6331196183408403E-02
  1.6331331946008640E+02  3.6415369862693454E-02
  1.6349322922969398E+02  3.6500608716882224E-02
  1.6367313899340360E+02  3.6586961630492028E-02
  1.6385304875101792E+02  3.6674476216644880E-02
  1.6403295850233084E+02  3.6763205852828627E-02
  1.6421286824712683E+02  3.6853201997492174E-02
  1.6439277798518032E+02  3.6944520715082023E-02
  1.6457268771625539E+02  3.7037205957255202E-02
  1.6475259744010486E+02  3.7131315013301566E-02
  1.6493250715646985E+02  3.7226891477304895E-02
  1.6511241686507876E+02  3.7323988389134088E-02
  1.6529232656564704E+02  3.7422488609535245E-02
  1.6547223625787564E+02  3.7522215744943327E-02
  1.6565214594145093E+02  3.7622951529433547E-02
  1.6583205561604308E+02  3.7724498784624409E-02
  1.6601196528130532E+02  3.7826658598462681E-02
  1.6619187493687286E+02  3.7929230880394543E-02
  1.6637178458236164E+02  3.8032009118753006E-02
  1.6655169421736713E+02  3.8134796811155239E-02
  1.6673160384146280E+02  3.8237392525814991E-02
  1.6691151345419851E+02  3.8339592190748860E-02
  1.6709142305509931E+02  3.8441199029124018E-02
  1.6727133264366327E+02  3.8542006558988047E-02
  1.6745124221935953E+02  3.8641814711203606E-02
  1.6763115178162670E+02  3.8740427814376942E-02
  1.6781106132986991E+02  3.8837638996531268E-02
  1.6799097086345878E+02  3.8933245634441595E-02
  1.6817088038172474E+02  3.9027048748930697E-02
  1.6835078988395759E+02  3.9118851667540075E-02
  1.6853069936940275E+02  3.9208452298525279E-02
  1.6871060883725778E+02  3.9295643065290604E-02
  1.6889051828666774E+02  3.9380226432592251E-02
  1.6907042771672187E+02  3.9462000649244051E-02
  1.6925033712644822E+02  3.9540760683315614E-02
  1.6943024651480880E+02  3.9616318047375587E-02
  1.6961015588069358E+02  3.9688457926647644E-02
  1.6979006522291445E+02  3.9756981730135033E-02
  1.6996997454019794E+02  3.9821696734467595E-02
  1.7014988383117753E+02  3.9882431665076885E-02
  1.7032979309438537E+02  3.9939267255898955E-02
  1.7050970232824184E+02  3.9992387537828099E-02
  1.7068961153104541E+02  4.0041973472034496E-02
  1.7086952070096058E+02  4.0088209977816855E-02
  1.7104942983600426E+02  4.0131276178598657E-02
  1.7122933893403061E+02  4.0171358471033751E-02
  1.7140924799271400E+02  4.0208627896710508E-02
  1.7158915700952988E+02  4.0243286601769332E-02
  1.7176906598173321E+02  4.0275490588934176E-02
  1.7194897490633323E+02  4.0305443084960202E-02
  1.7212888378006619E+02  4.0333322120481824E-02
  1.7230879259936282E+02  4.0359303483601366E-02
  1.7248870136031206E+02  4.0383572733650674E-02
  1.7266861005861870E+02  4.0406312807179622E-02
  1.7284851868955568E+02  4.0427702555868993E-02
  1.7302842724790824E+02  4.0447924327150990E-02
  1.7320833572790892E+02  4.0467169908132400E-02
  1.7338824412316242E+02  4.0485609211800479E-02
  1.7356815242655870E+02  4.0503428027771175E-02
  1.7374806063016908E+02  4.0520816868811343E-02
  1.7392796872512545E+02  4.0537946442953408E-02
  1.7410787670147701E+02  4.0555003686792573E-02
  1.7428778454801972E+02  4.0572170540756458E-02
  1.7446769225209241E+02  4.0589622733941559E-02
  1.7464759979933228E+02  4.0607553182324639E-02
  1.7482750717337899E+02  4.0626141374447013E-02
  1.7500741435551510E+02  4.0645565618090414E-02
  1.7518732132422502E+02  4.0665966002192841E-02
  1.7536722805465243E+02  4.0687340599372589E-02
  1.7554713451792679E+02  4.0709655765566496E-02
  1.7572704068031646E+02  4.0732876115418863E-02
  1.7590694650216346E+02  4.0756954951338083E-02
  1.7608685193652028E+02  4.0781862850381607E-02
  1.7626675692739607E+02  4.0807564224496266E-02
  1.7644666140746853E+02  4.0834025455461144E-02
  1.7662656529506518E+02  4.0861203274247061E-02
  1.7680646849012578E+02  4.0889061293301908E-02
  1.7698637086872048E+02  4.0917571098412146E-02
  1.7716627227548133E+02  4.0946684354641369E-02
  1.7734617251296331E+02  4.0976374719193319E-02
  1.7752607132636936E+02  4.1006601338521513E-02
  1.7770596838110521E+02  4.1037333226262719E-02
  1.7788586322890427E+02  4.1068520265378390E-02
  1.7806575525510144E+02  4.1100137829584084E-02
  1.7824564359358405E+02  4.1132149759153316E-02
  1.7842552698368493E+02  4.1164518301292238E-02
  1.7860540351689858E+02  4.1197198581882220E-02
  1.7878527016005313E+02  4.1230158317277589E-02
  1.7896512178553448E+02  4.1263365001249198E-02
  1.7914494899216021E+02  4.1296773816316856E-02
  1.7932473250453128E+02  4.1330347671482505E-02
  1.7950442572131470E+02  4.1364040335474195E-02
  1.7968388089441490E+02  4.1397790815220527E-02
  1.7986228250956319E+02  4.1431407176574855E-02
