   0.100    1.772E+003
   0.126    1.299E+003
   0.158    9.529E+002
   0.200    7.011E+002
   0.251    5.151E+002
   0.316    3.774E+002
   0.398    2.771E+002
   0.501    2.018E+002
   0.631    1.448E+002
   0.794    1.025E+002
   1.000    7.181E+001
   1.259    4.972E+001
   1.585    3.405E+001
   1.995    2.288E+001
   2.512    1.521E+001
   3.162    1.004E+001
   3.981    6.598E+000
   5.012    4.307E+000
   6.310    2.815E+000
   7.943    1.824E+000
  10.000    1.156E+000
  15.000    4.907E-001
  20.000    2.451E-001
  25.000    1.476E-001
  30.000    8.633E-002
  35.000    5.948E-002
  40.000    4.222E-002
  45.000    3.076E-002
  50.000    2.282E-002
  55.000    1.704E-002
  60.000    1.316E-002
  65.000    1.049E-002
  70.000    8.512E-003
  75.000    6.996E-003
  80.000    5.859E-003
  85.000    4.967E-003
  90.000    4.305E-003
  95.000    3.792E-003
 100.000    3.414E-003
 105.000    3.125E-003
 110.000    2.920E-003
 115.000    2.805E-003
 120.000    2.693E-003
 125.000    2.579E-003
 130.000    2.483E-003
 135.000    2.383E-003
 140.000    2.336E-003
 145.000    2.320E-003
 150.000    2.371E-003
 155.000    2.513E-003
 160.000    2.669E-003
 165.000    2.843E-003
 170.000    3.039E-003
 175.000    3.101E-003
 180.000    3.163E-003
