# Absorption coefficient of pure water compiled from the
# following papers:
# Ultraviolet (250--550 nm) absorption spectrum of pure water
# John D. Mason, Michael T. Cone, and Edward S. Fry
# R. M. Pope and E. S. Fry, "Absorption spectrum (380-700nm) of pure
# water. II. Integrating cavity measurements," Appl. Opt., 36,8710--8723,
# (1997)
# D. J. Segelstein, "The complex refractive index of water," University of
# Missouri-Kansas City, (1981).
#
# Column 1: wavelength [nm]
# Column 2: absorption coefficient [cm^-1]
1.00000e+01	2.19283e+04
1.01392e+01	2.26189e+04
1.02804e+01	2.33313e+04
1.04235e+01	2.40661e+04
1.05686e+01	2.48240e+04
1.07157e+01	2.56058e+04
1.08649e+01	2.64122e+04
1.10161e+01	2.72446e+04
1.11695e+01	2.81064e+04
1.13249e+01	2.89953e+04
1.14826e+01	2.99124e+04
1.16424e+01	3.08585e+04
1.18045e+01	3.18345e+04
1.19688e+01	3.28414e+04
1.21355e+01	3.38547e+04
1.23044e+01	3.48954e+04
1.24757e+01	3.59681e+04
1.26493e+01	3.70737e+04
1.28254e+01	3.82134e+04
1.30040e+01	3.93886e+04
1.31850e+01	4.06229e+04
1.33685e+01	4.18959e+04
1.35546e+01	4.32088e+04
1.37433e+01	4.45628e+04
1.39346e+01	4.59593e+04
1.41286e+01	4.73961e+04
1.43253e+01	4.88761e+04
1.45247e+01	5.04024e+04
1.47269e+01	5.19763e+04
1.49319e+01	5.35993e+04
1.51398e+01	5.52730e+04
1.53506e+01	5.69990e+04
1.55642e+01	5.87789e+04
1.57809e+01	6.06144e+04
1.60006e+01	6.25072e+04
1.62233e+01	6.44766e+04
1.64492e+01	6.65081e+04
1.66782e+01	6.86035e+04
1.69103e+01	7.07650e+04
1.71457e+01	7.29946e+04
1.73844e+01	7.52945e+04
1.76264e+01	7.76668e+04
1.78718e+01	8.01138e+04
1.81206e+01	8.26200e+04
1.83728e+01	8.51876e+04
1.86286e+01	8.78351e+04
1.88879e+01	9.05649e+04
1.91509e+01	9.33795e+04
1.94174e+01	9.62815e+04
1.96878e+01	9.92738e+04
1.99618e+01	1.02359e+05
2.02397e+01	1.05607e+05
2.05215e+01	1.08969e+05
2.08071e+01	1.12438e+05
2.10968e+01	1.16018e+05
2.13905e+01	1.19711e+05
2.16882e+01	1.23523e+05
2.19901e+01	1.27452e+05
2.22963e+01	1.31411e+05
2.26066e+01	1.35494e+05
2.29213e+01	1.39703e+05
2.32404e+01	1.44043e+05
2.35640e+01	1.48518e+05
2.38920e+01	1.53132e+05
2.42246e+01	1.57878e+05
2.45618e+01	1.62766e+05
2.49037e+01	1.67806e+05
2.52504e+01	1.73001e+05
2.56019e+01	1.78358e+05
2.59583e+01	1.83880e+05
2.63197e+01	1.89669e+05
2.66860e+01	1.95653e+05
2.70575e+01	2.01826e+05
2.74342e+01	2.08193e+05
2.78161e+01	2.14762e+05
2.82033e+01	2.21515e+05
2.85959e+01	2.28463e+05
2.89940e+01	2.35628e+05
2.93976e+01	2.43018e+05
2.98069e+01	2.50640e+05
3.02218e+01	2.58456e+05
3.06425e+01	2.66479e+05
3.10691e+01	2.74751e+05
3.15016e+01	2.83281e+05
3.19401e+01	2.92074e+05
3.23847e+01	3.01377e+05
3.28355e+01	3.11007e+05
3.32926e+01	3.20945e+05
3.37561e+01	3.31200e+05
3.42260e+01	3.41680e+05
3.47025e+01	3.52408e+05
3.51855e+01	3.63474e+05
3.56754e+01	3.74887e+05
3.61720e+01	3.86517e+05
3.66755e+01	3.98292e+05
3.71861e+01	4.10425e+05
3.77037e+01	4.22929e+05
3.82286e+01	4.35956e+05
3.87608e+01	4.49610e+05
3.93003e+01	4.63692e+05
3.98474e+01	4.78215e+05
4.04021e+01	4.93391e+05
4.09646e+01	5.09119e+05
4.15348e+01	5.25348e+05
4.21130e+01	5.42079e+05
4.26993e+01	5.59289e+05
4.32937e+01	5.77044e+05
4.38963e+01	5.95363e+05
4.45074e+01	6.13311e+05
4.51270e+01	6.31705e+05
4.57552e+01	6.50650e+05
4.63921e+01	6.71003e+05
4.70379e+01	6.92655e+05
4.76927e+01	7.15005e+05
4.83567e+01	7.30098e+05
4.90298e+01	7.39681e+05
4.97124e+01	7.49390e+05
5.04044e+01	7.55213e+05
5.11060e+01	7.58197e+05
5.18175e+01	7.61193e+05
5.25388e+01	7.64475e+05
5.32702e+01	7.67864e+05
5.40118e+01	7.71423e+05
5.47636e+01	7.76727e+05
5.55260e+01	7.82067e+05
5.62990e+01	7.89417e+05
5.70827e+01	7.99699e+05
5.78773e+01	8.10115e+05
5.86830e+01	8.29721e+05
5.94999e+01	8.50595e+05
6.03282e+01	8.73774e+05
6.11680e+01	9.00129e+05
6.20195e+01	9.27190e+05
6.28829e+01	9.54160e+05
6.37582e+01	9.81915e+05
6.46458e+01	9.98295e+05
6.55457e+01	1.01107e+06
6.64582e+01	1.02266e+06
6.73833e+01	1.03253e+06
6.83213e+01	1.03993e+06
6.92724e+01	1.03991e+06
7.02367e+01	1.03770e+06
7.12145e+01	1.02945e+06
7.22058e+01	1.01842e+06
7.32110e+01	9.99802e+05
7.42302e+01	9.83927e+05
7.52635e+01	9.74929e+05
7.63112e+01	9.67720e+05
7.73735e+01	9.65232e+05
7.84506e+01	9.63852e+05
7.95427e+01	9.63904e+05
8.06500e+01	9.63873e+05
8.17727e+01	9.63789e+05
8.29110e+01	9.64765e+05
8.40652e+01	9.65680e+05
8.52355e+01	9.63045e+05
8.64220e+01	9.55761e+05
8.76251e+01	9.42638e+05
8.88449e+01	9.26739e+05
9.00817e+01	9.09859e+05
9.13357e+01	8.89983e+05
9.26071e+01	8.67791e+05
9.38963e+01	8.42809e+05
9.52034e+01	8.10290e+05
9.65287e+01	7.75955e+05
9.78724e+01	7.39957e+05
9.92349e+01	7.02461e+05
1.00616e+02	6.68980e+05
1.02017e+02	6.39839e+05
1.03437e+02	6.07805e+05
1.04877e+02	5.78102e+05
1.06337e+02	5.50366e+05
1.07817e+02	5.23774e+05
1.09318e+02	5.00597e+05
1.10840e+02	4.79469e+05
1.12383e+02	4.59612e+05
1.13947e+02	4.40235e+05
1.15534e+02	4.19465e+05
1.17142e+02	4.02678e+05
1.18773e+02	3.87242e+05
1.20426e+02	3.72281e+05
1.22102e+02	3.58083e+05
1.23802e+02	3.44293e+05
1.25526e+02	3.25399e+05
1.27273e+02	2.94144e+05
1.29045e+02	2.53204e+05
1.30841e+02	2.08062e+05
1.32663e+02	1.65522e+05
1.34509e+02	1.35402e+05
1.36382e+02	1.24014e+05
1.38280e+02	1.32279e+05
1.40205e+02	1.52676e+05
1.42157e+02	1.72948e+05
1.44136e+02	1.91318e+05
1.46142e+02	2.09479e+05
1.48177e+02	2.25417e+05
1.50240e+02	2.31856e+05
1.52331e+02	2.26873e+05
1.54452e+02	2.07096e+05
1.56602e+02	1.79929e+05
1.58782e+02	1.49373e+05
1.60992e+02	1.18427e+05
1.63233e+02	9.01317e+04
1.65506e+02	6.03716e+04
1.67810e+02	3.07933e+04
1.70146e+02	2.67170e+03
1.72514e+02	1.34308e+03
1.74916e+02	6.24973e+02
1.77351e+02	1.66145e+02
1.79819e+02	4.37279e+01
1.82323e+02	6.25137e+00
1.84861e+02	8.75615e-01
1.87434e+02	4.56295e-01
1.90043e+02	2.42712e-01
1.92689e+02	1.65280e-01
1.95371e+02	1.14443e-01
1.98091e+02	8.50190e-02
2.00848e+02	6.33842e-02
2.03644e+02	4.76361e-02
2.06479e+02	3.47539e-02
2.09354e+02	2.45684e-02
2.12268e+02	1.65598e-02
2.15223e+02	1.12277e-02
2.18219e+02	8.43191e-03
2.21257e+02	7.02376e-03
2.24337e+02	6.55240e-03
2.27460e+02	5.00550e-03
2.30626e+02	3.65821e-03
2.33837e+02	2.67356e-03
2.37092e+02	1.95394e-03
2.40392e+02	1.42802e-03
2.43739e+02	1.04365e-03
2.47132e+02	7.62740e-04
2.50572e+02	5.82634e-04
2.54060e+02	5.56337e-04
2.57597e+02	5.31226e-04
2.61183e+02	5.04746e-04
2.64819e+02	4.74757e-04
2.68505e+02	4.46550e-04
2.72243e+02	3.74126e-04
2.76033e+02	2.90029e-04
2.79875e+02	2.24836e-04
2.83771e+02	1.60355e-04
2.87722e+02	1.14050e-04
2.91727e+02	8.30877e-05
2.95788e+02	6.24934e-05
2.99906e+02	4.70036e-05
3.04081e+02	3.54153e-05
3.08314e+02	2.68466e-05
3.12606e+02	1.98713e-05
3.16957e+02	1.69643e-05
3.21370e+02	1.37254e-05
3.25843e+02	1.18458e-05
3.30379e+02	1.05833e-05
3.34978e+02	9.70198e-06
3.39641e+02	8.60432e-06
3.44370e+02	8.11843e-06
3.49163e+02	8.68767e-06
3.54024e+02	9.70120e-06
3.58952e+02	1.02278e-05
3.63949e+02	1.19871e-05
3.69016e+02	1.23013e-05
3.74153e+02	1.29302e-05
3.79361e+02	1.41058e-05
3.84642e+02	1.52275e-05
3.89996e+02	1.69986e-05
3.95426e+02	1.92781e-05
4.00930e+02	2.28863e-05
4.06511e+02	2.57511e-05
4.12170e+02	2.71757e-05
4.17908e+02	2.99439e-05
4.23726e+02	3.29753e-05
4.29624e+02	3.72556e-05
4.35605e+02	4.36954e-05
4.41669e+02	5.65061e-05
4.47817e+02	7.45317e-05
4.54051e+02	8.63356e-05
4.60372e+02	9.13423e-05
4.66781e+02	9.86767e-05
4.73278e+02	1.08726e-04
4.79867e+02	1.21151e-04
4.86547e+02	1.35084e-04
4.93320e+02	1.61228e-04
5.00187e+02	2.08831e-04
5.07150e+02	2.83844e-04
5.14210e+02	3.74666e-04
5.21368e+02	3.94775e-04
5.28626e+02	4.18692e-04
5.35985e+02	4.54021e-04
5.43446e+02	4.99582e-04
5.51012e+02	5.74908e-04
5.58682e+02	6.12120e-04
5.66459e+02	6.59362e-04
5.74345e+02	7.61601e-04
5.82340e+02	9.82790e-04
5.90447e+02	1.37916e-03
5.98666e+02	2.05928e-03
6.07000e+02	2.61854e-03
6.15450e+02	2.68321e-03
6.24018e+02	2.82456e-03
6.32704e+02	2.99639e-03
6.41512e+02	3.17532e-03
6.50442e+02	3.43123e-03
6.59497e+02	4.06527e-03
6.68678e+02	4.37412e-03
6.77986e+02	4.61776e-03
6.87424e+02	5.01508e-03
6.96994e+02	5.85172e-03
7.06696e+02	7.38898e-03
7.16534e+02	1.07437e-02
7.26509e+02	1.60042e-02
7.36622e+02	2.37607e-02
7.46877e+02	2.59461e-02
7.57274e+02	2.62189e-02
7.67815e+02	2.52471e-02
7.78504e+02	2.30104e-02
7.89341e+02	2.06295e-02
8.00330e+02	1.96564e-02
8.11471e+02	2.13525e-02
8.22767e+02	2.66538e-02
8.34220e+02	3.30267e-02
8.45833e+02	4.04337e-02
8.57608e+02	4.80196e-02
8.69547e+02	5.34446e-02
8.81651e+02	5.88780e-02
8.93925e+02	6.42296e-02
9.06369e+02	7.25653e-02
9.18986e+02	1.08209e-01
9.31779e+02	2.06427e-01
9.44750e+02	3.44814e-01
9.57902e+02	4.32903e-01
9.71236e+02	4.52640e-01
9.84757e+02	4.24508e-01
9.98465e+02	3.82985e-01
1.01236e+03	3.21347e-01
1.02646e+03	2.61019e-01
1.04075e+03	2.01401e-01
1.05523e+03	1.60504e-01
1.06992e+03	1.48615e-01
1.08482e+03	1.65140e-01
1.09992e+03	1.98344e-01
1.11523e+03	2.69136e-01
1.13076e+03	4.44257e-01
1.14650e+03	8.49841e-01
1.16246e+03	1.17443e+00
1.17864e+03	1.23143e+00
1.19505e+03	1.25142e+00
1.21168e+03	1.23412e+00
1.22855e+03	1.18905e+00
1.24565e+03	1.12504e+00
1.26299e+03	1.07721e+00
1.28057e+03	1.12799e+00
1.29840e+03	1.32253e+00
1.31648e+03	1.72239e+00
1.33480e+03	2.37356e+00
1.35338e+03	3.90822e+00
1.37222e+03	5.53391e+00
1.39133e+03	1.00529e+01
1.41069e+03	2.35282e+01
1.43033e+03	3.11892e+01
1.45024e+03	3.14788e+01
1.47043e+03	2.84698e+01
1.49090e+03	2.17688e+01
1.51166e+03	1.59906e+01
1.53270e+03	1.29208e+01
1.55404e+03	1.04907e+01
1.57567e+03	8.80343e+00
1.59760e+03	7.45105e+00
1.61984e+03	6.51991e+00
1.64239e+03	5.99845e+00
1.66526e+03	5.58485e+00
1.68844e+03	5.64588e+00
1.71194e+03	5.95114e+00
1.73577e+03	6.65247e+00
1.75994e+03	7.44066e+00
1.78444e+03	8.96365e+00
1.80928e+03	9.51033e+00
1.83446e+03	1.01603e+01
1.86000e+03	1.99213e+01
1.88589e+03	5.80361e+01
1.91215e+03	1.12540e+02
1.93876e+03	1.23943e+02
1.96575e+03	1.01547e+02
1.99312e+03	7.64878e+01
2.02086e+03	5.37204e+01
2.04900e+03	4.22031e+01
2.07752e+03	3.26487e+01
2.10644e+03	2.66257e+01
2.13576e+03	2.26979e+01
2.16549e+03	2.04619e+01
2.19564e+03	1.93607e+01
2.22620e+03	1.94707e+01
2.25719e+03	2.15389e+01
2.28862e+03	2.44839e+01
2.32048e+03	2.82251e+01
2.35278e+03	3.47006e+01
2.38553e+03	4.34594e+01
2.41874e+03	5.47570e+01
2.45241e+03	7.09859e+01
2.48655e+03	9.04083e+01
2.52116e+03	9.95744e+01
2.55626e+03	1.07115e+02
2.59185e+03	1.19154e+02
2.62793e+03	1.79482e+02
2.66451e+03	3.24041e+02
2.70160e+03	7.26404e+02
2.73921e+03	2.03323e+03
2.77734e+03	4.11122e+03
2.81600e+03	6.17797e+03
2.85520e+03	8.85187e+03
2.89495e+03	1.10717e+04
2.93525e+03	1.19944e+04
2.97611e+03	1.16722e+04
3.01754e+03	1.07998e+04
3.05955e+03	9.34123e+03
3.10214e+03	7.49642e+03
3.14532e+03	5.48549e+03
3.18911e+03	3.91685e+03
3.23350e+03	2.72621e+03
3.27851e+03	1.79959e+03
3.32415e+03	1.19771e+03
3.37043e+03	8.54514e+02
3.41735e+03	6.15816e+02
3.46492e+03	4.33773e+02
3.51315e+03	3.05765e+02
3.56206e+03	2.21165e+02
3.61165e+03	1.69342e+02
3.66192e+03	1.38805e+02
3.71290e+03	1.19779e+02
3.76459e+03	1.13560e+02
3.81699e+03	1.13425e+02
3.87013e+03	1.18545e+02
3.92400e+03	1.26782e+02
3.97863e+03	1.38799e+02
4.03401e+03	1.54014e+02
4.09017e+03	1.68971e+02
4.14711e+03	1.87335e+02
4.20484e+03	2.08640e+02
4.26337e+03	2.32614e+02
4.32272e+03	2.59183e+02
4.38290e+03	2.88187e+02
4.44391e+03	3.21035e+02
4.50577e+03	3.50219e+02
4.56850e+03	3.84788e+02
4.63209e+03	4.13529e+02
4.69657e+03	4.19812e+02
4.76195e+03	4.06663e+02
4.82824e+03	3.81625e+02
4.89546e+03	3.52673e+02
4.96360e+03	3.28632e+02
5.03270e+03	2.99177e+02
5.10276e+03	2.74235e+02
5.17379e+03	2.52100e+02
5.24582e+03	2.37472e+02
5.31884e+03	2.32258e+02
5.39289e+03	2.39580e+02
5.46796e+03	2.56044e+02
5.54408e+03	2.84257e+02
5.62125e+03	3.40575e+02
5.69951e+03	4.43574e+02
5.77885e+03	6.43739e+02
5.85929e+03	1.00072e+03
5.94086e+03	1.66088e+03
6.02356e+03	2.39873e+03
6.10741e+03	2.62905e+03
6.19243e+03	1.80217e+03
6.27864e+03	1.22971e+03
6.36604e+03	9.49168e+02
6.45466e+03	8.15270e+02
6.54451e+03	7.17602e+02
6.63562e+03	6.61342e+02
6.72799e+03	6.22414e+02
6.82165e+03	6.01132e+02
6.91661e+03	5.84579e+02
7.01289e+03	5.72486e+02
7.11052e+03	5.65423e+02
7.20950e+03	5.59452e+02
7.30986e+03	5.53908e+02
7.41162e+03	5.50044e+02
7.51480e+03	5.45404e+02
7.61941e+03	5.41966e+02
7.72548e+03	5.39968e+02
7.83302e+03	5.39506e+02
7.94206e+03	5.39487e+02
8.05262e+03	5.38291e+02
8.16472e+03	5.38296e+02
8.27838e+03	5.39072e+02
8.39362e+03	5.39434e+02
8.51047e+03	5.41112e+02
8.62894e+03	5.44084e+02
8.74906e+03	5.47003e+02
8.87085e+03	5.52104e+02
8.99434e+03	5.57099e+02
9.11955e+03	5.63664e+02
9.24650e+03	5.70177e+02
9.37522e+03	5.78068e+02
9.50573e+03	5.86131e+02
9.63805e+03	5.96942e+02
9.77222e+03	6.10882e+02
9.90826e+03	6.25180e+02
1.00462e+04	6.46283e+02
1.01860e+04	6.97798e+02
1.03278e+04	7.21304e+02
1.04716e+04	7.78877e+02
1.06174e+04	8.56563e+02
1.07652e+04	9.48523e+02
1.09150e+04	1.05317e+03
1.10670e+04	1.15893e+03
1.12210e+04	1.28908e+03
1.13773e+04	1.43319e+03
1.15356e+04	1.57678e+03
1.16962e+04	1.74786e+03
1.18590e+04	1.90843e+03
1.20241e+04	2.11815e+03
1.21915e+04	2.30827e+03
1.23612e+04	2.46246e+03
1.25333e+04	2.62647e+03
1.27078e+04	2.75806e+03
1.28847e+04	2.88363e+03
1.30640e+04	2.98943e+03
1.32459e+04	3.09345e+03
1.34303e+04	3.16506e+03
1.36172e+04	3.22468e+03
1.38068e+04	3.27679e+03
1.39990e+04	3.31740e+03
1.41939e+04	3.34210e+03
1.43915e+04	3.35690e+03
1.45918e+04	3.37283e+03
1.47949e+04	3.37308e+03
1.50009e+04	3.37198e+03
1.52097e+04	3.36425e+03
1.54215e+04	3.35678e+03
1.56361e+04	3.34876e+03
1.58538e+04	3.33305e+03
1.60745e+04	3.30684e+03
1.62983e+04	3.28074e+03
1.65252e+04	3.25398e+03
1.67552e+04	3.21974e+03
1.69884e+04	3.17632e+03
1.72249e+04	3.13923e+03
1.74647e+04	3.08809e+03
1.77078e+04	3.03305e+03
1.79543e+04	2.98364e+03
1.82043e+04	2.92962e+03
1.84577e+04	2.87515e+03
1.87146e+04	2.81000e+03
1.89752e+04	2.75136e+03
1.92393e+04	2.67208e+03
1.95071e+04	2.60408e+03
1.97787e+04	2.54374e+03
2.00540e+04	2.46103e+03
2.03332e+04	2.40654e+03
2.06162e+04	2.35326e+03
2.09032e+04	2.30116e+03
2.11942e+04	2.25167e+03
2.14893e+04	2.20386e+03
2.17884e+04	2.15706e+03
2.20917e+04	2.11125e+03
2.23993e+04	2.06642e+03
2.27111e+04	2.02254e+03
2.30272e+04	1.97894e+03
2.33478e+04	1.92520e+03
2.36728e+04	1.87292e+03
2.40023e+04	1.82216e+03
2.43365e+04	1.77507e+03
2.46752e+04	1.72920e+03
2.50187e+04	1.68438e+03
2.53670e+04	1.63846e+03
2.57202e+04	1.59379e+03
2.60782e+04	1.55007e+03
2.64412e+04	1.50656e+03
2.68093e+04	1.46428e+03
2.71825e+04	1.42382e+03
2.75609e+04	1.38498e+03
2.79446e+04	1.34721e+03
2.83336e+04	1.31034e+03
2.87280e+04	1.27446e+03
2.91279e+04	1.24144e+03
2.95334e+04	1.21211e+03
2.99445e+04	1.18348e+03
3.03614e+04	1.16181e+03
3.07840e+04	1.14130e+03
3.12126e+04	1.12435e+03
3.16471e+04	1.11010e+03
3.20876e+04	1.09695e+03
3.25343e+04	1.08717e+03
3.29872e+04	1.07747e+03
3.34464e+04	1.06878e+03
3.39120e+04	1.06027e+03
3.43841e+04	1.05434e+03
3.48627e+04	1.04873e+03
3.53481e+04	1.04640e+03
3.58401e+04	1.04523e+03
3.63391e+04	1.04405e+03
3.68449e+04	1.04287e+03
3.73578e+04	1.04686e+03
3.78779e+04	1.05276e+03
3.84052e+04	1.06022e+03
3.89398e+04	1.06830e+03
3.94819e+04	1.07525e+03
4.00315e+04	1.08230e+03
4.05887e+04	1.09166e+03
4.11538e+04	1.10171e+03
4.17267e+04	1.11387e+03
4.23075e+04	1.12465e+03
4.28965e+04	1.13434e+03
4.34936e+04	1.14373e+03
4.40991e+04	1.15315e+03
4.47130e+04	1.16259e+03
4.53354e+04	1.17127e+03
4.59665e+04	1.17938e+03
4.66064e+04	1.18853e+03
4.72552e+04	1.19555e+03
4.79130e+04	1.19921e+03
4.85800e+04	1.19947e+03
4.92563e+04	1.19947e+03
4.99420e+04	1.19958e+03
5.06372e+04	1.20045e+03
5.13421e+04	1.20139e+03
5.20568e+04	1.20169e+03
5.27815e+04	1.19443e+03
5.35162e+04	1.18722e+03
5.42612e+04	1.17922e+03
5.50166e+04	1.17011e+03
5.57825e+04	1.16106e+03
5.65590e+04	1.15160e+03
5.73463e+04	1.14204e+03
5.81446e+04	1.13152e+03
5.89541e+04	1.11811e+03
5.97747e+04	1.10486e+03
6.06068e+04	1.08940e+03
6.14505e+04	1.07339e+03
6.23060e+04	1.05806e+03
6.31733e+04	1.04353e+03
6.40527e+04	1.02910e+03
6.49444e+04	1.01389e+03
6.58485e+04	9.98911e+02
6.67651e+04	9.83363e+02
6.76945e+04	9.67807e+02
6.86369e+04	9.51787e+02
6.95924e+04	9.35547e+02
7.05612e+04	9.19523e+02
7.15434e+04	9.03735e+02
7.25394e+04	8.88261e+02
7.35492e+04	8.73082e+02
7.45730e+04	8.58700e+02
7.56111e+04	8.44913e+02
7.66637e+04	8.29399e+02
7.77309e+04	8.12899e+02
7.88130e+04	7.96750e+02
7.99101e+04	7.80928e+02
8.10225e+04	7.65388e+02
8.21504e+04	7.50001e+02
8.32940e+04	7.33529e+02
8.44535e+04	7.17455e+02
8.56292e+04	7.01778e+02
8.68212e+04	6.87136e+02
8.80298e+04	6.72912e+02
8.92552e+04	6.58260e+02
9.04977e+04	6.44257e+02
9.17575e+04	6.30963e+02
9.30349e+04	6.17681e+02
9.43300e+04	6.04316e+02
9.56431e+04	5.90505e+02
9.69745e+04	5.77757e+02
9.83245e+04	5.65481e+02
9.96933e+04	5.53428e+02
1.01081e+05	5.41899e+02
1.02488e+05	5.30686e+02
1.03915e+05	5.19704e+02
1.05361e+05	5.08950e+02
1.06828e+05	4.98419e+02
1.08315e+05	4.88105e+02
1.09823e+05	4.78005e+02
1.11352e+05	4.71120e+02
1.12902e+05	4.64492e+02
1.14474e+05	4.57958e+02
1.16067e+05	4.51516e+02
1.17683e+05	4.45164e+02
1.19321e+05	4.38902e+02
1.20982e+05	4.33043e+02
1.22666e+05	4.27430e+02
1.24374e+05	4.21889e+02
1.26105e+05	4.16421e+02
1.27861e+05	4.11023e+02
1.29641e+05	4.05695e+02
1.31446e+05	4.00458e+02
1.33275e+05	3.95293e+02
1.35131e+05	3.90196e+02
1.37012e+05	3.85164e+02
1.38919e+05	3.80197e+02
1.40853e+05	3.75615e+02
1.42814e+05	3.71494e+02
1.44802e+05	3.67417e+02
1.46818e+05	3.63386e+02
1.48861e+05	3.59399e+02
1.50934e+05	3.55559e+02
1.53035e+05	3.51885e+02
1.55165e+05	3.48249e+02
1.57325e+05	3.44651e+02
1.59515e+05	3.41090e+02
1.61736e+05	3.37642e+02
1.63987e+05	3.34249e+02
1.66270e+05	3.30891e+02
1.68585e+05	3.27567e+02
1.70931e+05	3.24557e+02
1.73311e+05	3.21877e+02
1.75724e+05	3.19219e+02
1.78170e+05	3.16583e+02
1.80650e+05	3.13991e+02
1.83165e+05	3.11474e+02
1.85715e+05	3.08976e+02
1.88300e+05	3.06499e+02
1.90921e+05	3.03971e+02
1.93579e+05	3.01310e+02
1.96274e+05	2.98673e+02
1.99006e+05	2.96058e+02
2.01776e+05	2.93507e+02
2.04585e+05	2.91002e+02
2.07433e+05	2.88518e+02
2.10321e+05	2.86066e+02
2.13248e+05	2.83703e+02
2.16217e+05	2.81359e+02
2.19227e+05	2.79035e+02
2.22279e+05	2.76743e+02
2.25373e+05	2.74472e+02
2.28510e+05	2.72220e+02
2.31691e+05	2.70053e+02
2.34917e+05	2.67972e+02
2.38187e+05	2.65906e+02
2.41503e+05	2.63769e+02
2.44865e+05	2.61554e+02
2.48273e+05	2.59358e+02
2.51729e+05	2.57109e+02
2.55234e+05	2.54809e+02
2.58787e+05	2.52529e+02
2.62389e+05	2.50330e+02
2.66042e+05	2.48180e+02
2.69745e+05	2.46049e+02
2.73500e+05	2.43927e+02
2.77308e+05	2.41823e+02
2.81168e+05	2.39771e+02
2.85082e+05	2.37804e+02
2.89051e+05	2.35853e+02
2.93074e+05	2.33897e+02
2.97154e+05	2.31954e+02
3.01291e+05	2.30062e+02
3.05485e+05	2.28257e+02
3.09738e+05	2.26466e+02
3.14049e+05	2.24688e+02
3.18421e+05	2.22925e+02
3.22854e+05	2.21162e+02
3.27348e+05	2.19405e+02
3.31905e+05	2.17663e+02
3.36526e+05	2.15935e+02
3.41210e+05	2.14276e+02
3.45960e+05	2.12737e+02
3.50776e+05	2.11209e+02
3.55659e+05	2.09693e+02
3.60610e+05	2.08199e+02
3.65630e+05	2.06767e+02
3.70720e+05	2.05345e+02
3.75881e+05	2.03934e+02
3.81113e+05	2.02531e+02
3.86419e+05	2.01136e+02
3.91798e+05	1.99751e+02
3.97252e+05	1.98376e+02
4.02782e+05	1.97038e+02
4.08389e+05	1.95736e+02
4.14074e+05	1.94442e+02
4.19838e+05	1.93156e+02
4.25683e+05	1.91705e+02
4.31609e+05	1.90266e+02
4.37617e+05	1.88837e+02
4.43709e+05	1.87407e+02
4.49886e+05	1.85983e+02
4.56148e+05	1.84570e+02
4.62498e+05	1.83166e+02
4.68937e+05	1.81768e+02
4.75464e+05	1.80381e+02
4.82083e+05	1.79051e+02
4.88794e+05	1.77814e+02
4.95599e+05	1.76585e+02
5.02498e+05	1.75339e+02
5.09493e+05	1.74058e+02
5.16585e+05	1.72786e+02
5.23777e+05	1.71485e+02
5.31068e+05	1.70160e+02
5.38461e+05	1.68845e+02
5.45957e+05	1.67537e+02
5.53557e+05	1.66240e+02
5.61263e+05	1.64965e+02
5.69076e+05	1.63752e+02
5.76998e+05	1.62547e+02
5.85030e+05	1.61455e+02
5.93174e+05	1.60415e+02
6.01431e+05	1.59361e+02
6.09804e+05	1.58232e+02
6.18293e+05	1.57112e+02
6.26900e+05	1.55999e+02
6.35627e+05	1.54894e+02
6.44475e+05	1.53798e+02
6.53447e+05	1.52843e+02
6.62543e+05	1.52121e+02
6.71766e+05	1.51402e+02
6.81118e+05	1.50686e+02
6.90599e+05	1.49974e+02
7.00213e+05	1.49269e+02
7.09960e+05	1.48646e+02
7.19844e+05	1.48027e+02
7.29864e+05	1.47410e+02
7.40025e+05	1.46795e+02
7.50326e+05	1.46182e+02
7.60771e+05	1.45537e+02
7.71362e+05	1.44896e+02
7.82100e+05	1.44257e+02
7.92987e+05	1.43622e+02
8.04026e+05	1.42996e+02
8.15219e+05	1.42385e+02
8.26567e+05	1.41776e+02
8.38074e+05	1.41170e+02
8.49740e+05	1.40559e+02
8.61569e+05	1.39785e+02
8.73563e+05	1.39015e+02
8.85724e+05	1.38249e+02
8.98053e+05	1.37487e+02
9.10555e+05	1.36561e+02
9.23231e+05	1.35618e+02
9.36083e+05	1.34682e+02
9.49114e+05	1.33753e+02
9.62326e+05	1.32988e+02
9.75722e+05	1.32248e+02
9.89305e+05	1.31511e+02
1.00308e+06	1.30844e+02
1.01704e+06	1.30406e+02
1.03120e+06	1.29969e+02
1.04555e+06	1.29534e+02
1.06011e+06	1.29100e+02
1.07487e+06	1.28668e+02
1.08983e+06	1.28237e+02
1.10500e+06	1.27778e+02
1.12038e+06	1.27261e+02
1.13598e+06	1.26745e+02
1.15179e+06	1.26232e+02
1.16783e+06	1.25720e+02
1.18408e+06	1.25211e+02
1.20057e+06	1.24704e+02
1.21728e+06	1.24211e+02
1.23422e+06	1.23720e+02
1.25141e+06	1.23231e+02
1.26883e+06	1.22744e+02
1.28649e+06	1.22259e+02
1.30440e+06	1.21778e+02
1.32256e+06	1.21306e+02
1.34097e+06	1.20835e+02
1.35963e+06	1.20366e+02
1.37856e+06	1.19900e+02
1.39775e+06	1.19434e+02
1.41721e+06	1.18901e+02
1.43694e+06	1.18361e+02
1.45694e+06	1.17824e+02
1.47722e+06	1.17289e+02
1.49779e+06	1.16756e+02
1.51864e+06	1.16186e+02
1.53978e+06	1.15614e+02
1.56121e+06	1.15044e+02
1.58295e+06	1.14477e+02
1.60498e+06	1.13918e+02
1.62733e+06	1.13379e+02
1.64998e+06	1.12843e+02
1.67295e+06	1.12309e+02
1.69624e+06	1.11778e+02
1.71985e+06	1.11223e+02
1.74379e+06	1.10666e+02
1.76807e+06	1.10111e+02
1.79268e+06	1.09559e+02
1.81763e+06	1.08951e+02
1.84294e+06	1.08322e+02
1.86859e+06	1.07696e+02
1.89460e+06	1.07074e+02
1.92098e+06	1.06511e+02
1.94772e+06	1.05966e+02
1.97483e+06	1.05424e+02
2.00232e+06	1.04878e+02
2.03020e+06	1.04272e+02
2.05846e+06	1.03670e+02
2.08711e+06	1.03070e+02
2.11617e+06	1.02455e+02
2.14563e+06	1.01828e+02
2.17550e+06	1.01205e+02
2.20578e+06	1.00591e+02
2.23649e+06	1.00008e+02
2.26762e+06	9.94283e+01
2.29919e+06	9.88519e+01
2.33119e+06	9.82593e+01
2.36365e+06	9.76697e+01
2.39655e+06	9.70836e+01
2.42991e+06	9.64206e+01
2.46374e+06	9.57528e+01
2.49803e+06	9.50896e+01
2.53281e+06	9.44759e+01
2.56807e+06	9.38688e+01
2.60382e+06	9.32706e+01
2.64006e+06	9.27180e+01
2.67682e+06	9.21686e+01
2.71408e+06	9.15878e+01
2.75186e+06	9.09533e+01
2.79017e+06	9.03233e+01
2.82901e+06	8.96801e+01
2.86839e+06	8.90356e+01
2.90832e+06	8.84050e+01
2.94881e+06	8.78146e+01
2.98986e+06	8.72280e+01
3.03148e+06	8.65877e+01
3.07368e+06	8.59335e+01
3.11647e+06	8.52944e+01
3.15985e+06	8.46765e+01
3.20384e+06	8.40639e+01
3.24844e+06	8.34640e+01
3.29366e+06	8.28683e+01
3.33951e+06	8.21801e+01
3.38600e+06	8.14821e+01
3.43313e+06	8.08441e+01
3.48092e+06	8.02339e+01
3.52938e+06	7.96121e+01
3.57851e+06	7.89846e+01
3.62833e+06	7.84054e+01
3.67884e+06	7.78635e+01
3.73005e+06	7.72587e+01
3.78197e+06	7.66116e+01
3.83462e+06	7.59629e+01
3.88800e+06	7.53161e+01
3.94213e+06	7.47334e+01
3.99700e+06	7.41719e+01
4.05264e+06	7.35062e+01
4.10906e+06	7.28523e+01
4.16626e+06	7.22669e+01
4.22426e+06	7.16524e+01
4.28306e+06	7.09962e+01
4.34269e+06	7.03868e+01
4.40314e+06	6.97928e+01
4.46444e+06	6.90940e+01
4.52658e+06	6.84485e+01
4.58960e+06	6.78706e+01
4.65349e+06	6.72727e+01
4.71827e+06	6.66717e+01
4.78395e+06	6.60668e+01
4.85054e+06	6.54575e+01
4.91807e+06	6.48472e+01
4.98653e+06	6.42328e+01
5.05595e+06	6.36273e+01
5.12633e+06	6.30167e+01
5.19769e+06	6.23926e+01
5.27005e+06	6.17780e+01
5.34341e+06	6.11509e+01
5.41779e+06	6.05430e+01
5.49321e+06	6.00222e+01
5.56968e+06	5.93988e+01
5.64722e+06	5.87731e+01
5.72583e+06	5.81786e+01
5.80554e+06	5.76310e+01
5.88636e+06	5.69936e+01
5.96830e+06	5.64372e+01
6.05138e+06	5.58313e+01
6.13562e+06	5.52301e+01
6.22103e+06	5.46664e+01
6.30764e+06	5.40304e+01
6.39544e+06	5.34935e+01
6.48447e+06	5.28350e+01
6.57474e+06	5.22659e+01
6.66627e+06	5.17201e+01
6.75906e+06	5.11049e+01
6.85316e+06	5.05047e+01
6.94856e+06	4.99493e+01
7.04529e+06	4.94001e+01
7.14336e+06	4.88451e+01
7.24280e+06	4.82863e+01
7.34363e+06	4.76834e+01
7.44586e+06	4.70660e+01
7.54951e+06	4.65064e+01
7.65460e+06	4.59462e+01
7.76116e+06	4.53917e+01
7.86920e+06	4.48264e+01
7.97875e+06	4.42627e+01
8.08982e+06	4.37067e+01
8.20243e+06	4.31450e+01
8.31662e+06	4.26730e+01
8.43239e+06	4.21044e+01
8.54977e+06	4.15436e+01
8.66879e+06	4.09805e+01
8.78947e+06	4.04946e+01
8.91182e+06	3.99458e+01
9.03588e+06	3.93751e+01
9.16167e+06	3.88593e+01
9.28921e+06	3.83275e+01
9.41852e+06	3.77817e+01
9.54963e+06	3.72861e+01
9.68257e+06	3.67868e+01
9.81736e+06	3.62305e+01
9.95402e+06	3.57155e+01
1.00926e+07	3.52088e+01
1.02331e+07	3.46843e+01
1.03755e+07	3.41676e+01
1.05200e+07	3.36587e+01
1.06664e+07	3.31573e+01
1.08149e+07	3.26633e+01
1.09655e+07	3.21768e+01
1.11181e+07	3.16790e+01
1.12729e+07	3.11837e+01
1.14298e+07	3.06960e+01
1.15889e+07	3.02160e+01
1.17502e+07	2.97435e+01
1.19138e+07	2.92784e+01
1.20797e+07	2.88127e+01
1.22478e+07	2.83459e+01
1.24183e+07	2.78866e+01
1.25912e+07	2.74348e+01
1.27665e+07	2.69903e+01
1.29442e+07	2.65530e+01
1.31244e+07	2.61085e+01
1.33071e+07	2.56651e+01
1.34923e+07	2.52292e+01
1.36801e+07	2.48007e+01
1.38706e+07	2.43794e+01
1.40637e+07	2.39588e+01
1.42594e+07	2.35320e+01
1.44580e+07	2.31129e+01
1.46592e+07	2.27012e+01
1.48633e+07	2.22969e+01
1.50702e+07	2.18975e+01
1.52800e+07	2.15011e+01
1.54927e+07	2.11119e+01
1.57084e+07	2.07297e+01
1.59270e+07	2.03544e+01
1.61487e+07	1.99772e+01
1.63735e+07	1.96026e+01
1.66015e+07	1.92351e+01
1.68326e+07	1.88744e+01
1.70669e+07	1.85177e+01
1.73045e+07	1.81609e+01
1.75454e+07	1.78109e+01
1.77896e+07	1.74677e+01
1.80373e+07	1.71282e+01
1.82884e+07	1.67796e+01
1.85429e+07	1.64381e+01
1.88011e+07	1.61036e+01
1.90628e+07	1.57759e+01
1.93282e+07	1.54552e+01
1.95972e+07	1.51409e+01
1.98700e+07	1.48331e+01
2.01466e+07	1.45284e+01
2.04271e+07	1.42273e+01
2.07115e+07	1.39324e+01
2.09998e+07	1.36437e+01
2.12921e+07	1.33573e+01
2.15885e+07	1.30769e+01
2.18890e+07	1.28024e+01
2.21938e+07	1.25316e+01
2.25027e+07	1.22655e+01
2.28160e+07	1.20049e+01
2.31336e+07	1.17450e+01
2.34556e+07	1.14840e+01
2.37821e+07	1.12289e+01
2.41132e+07	1.09820e+01
2.44489e+07	1.07455e+01
2.47892e+07	1.05141e+01
2.51343e+07	1.02828e+01
2.54842e+07	1.00490e+01
2.58389e+07	9.82057e+00
2.61986e+07	9.59705e+00
2.65634e+07	9.37839e+00
2.69331e+07	9.16472e+00
2.73081e+07	8.95591e+00
2.76882e+07	8.75187e+00
2.80736e+07	8.55189e+00
2.84645e+07	8.35403e+00
2.88607e+07	8.16074e+00
2.92625e+07	7.97122e+00
2.96698e+07	7.78573e+00
3.00828e+07	7.60404e+00
3.05016e+07	7.42458e+00
3.09262e+07	7.24936e+00
3.13567e+07	7.07926e+00
3.17932e+07	6.91334e+00
3.22358e+07	6.74934e+00
3.26846e+07	6.58752e+00
3.31396e+07	6.42954e+00
3.36009e+07	6.27527e+00
3.40686e+07	6.12471e+00
3.45429e+07	5.97790e+00
3.50238e+07	5.83446e+00
3.55113e+07	5.69151e+00
3.60057e+07	5.55207e+00
3.65069e+07	5.41648e+00
3.70151e+07	5.28423e+00
3.75304e+07	5.15587e+00
3.80528e+07	5.03037e+00
3.85825e+07	4.90563e+00
3.91196e+07	4.78419e+00
3.96642e+07	4.66649e+00
4.02164e+07	4.55147e+00
4.07762e+07	4.43894e+00
4.13439e+07	4.32786e+00
4.19194e+07	4.21870e+00
4.25029e+07	4.11343e+00
4.30946e+07	4.01093e+00
4.36945e+07	3.91081e+00
4.43028e+07	3.81313e+00
4.49195e+07	3.71785e+00
4.55448e+07	3.62342e+00
4.61788e+07	3.53118e+00
4.68217e+07	3.44130e+00
4.74735e+07	3.35505e+00
4.81343e+07	3.27082e+00
4.88044e+07	3.18619e+00
4.94838e+07	3.10514e+00
5.01726e+07	3.02639e+00
5.08711e+07	2.94863e+00
5.15792e+07	2.87322e+00
5.22973e+07	2.80002e+00
5.30253e+07	2.72895e+00
5.37634e+07	2.65858e+00
5.45119e+07	2.59044e+00
5.52707e+07	2.52385e+00
5.60401e+07	2.45835e+00
5.68202e+07	2.39520e+00
5.76112e+07	2.33293e+00
5.84132e+07	2.27260e+00
5.92264e+07	2.21404e+00
6.00508e+07	2.15618e+00
6.08868e+07	2.10041e+00
6.17344e+07	2.04561e+00
6.25938e+07	1.99229e+00
6.34651e+07	1.94057e+00
6.43486e+07	1.89006e+00
6.52444e+07	1.84049e+00
6.61526e+07	1.79230e+00
6.70735e+07	1.74586e+00
6.80072e+07	1.70018e+00
6.89539e+07	1.65521e+00
6.99138e+07	1.61227e+00
7.08871e+07	1.57043e+00
7.18739e+07	1.52839e+00
7.28744e+07	1.48841e+00
7.38889e+07	1.44901e+00
7.49175e+07	1.41154e+00
7.59604e+07	1.37411e+00
7.70178e+07	1.33781e+00
7.80899e+07	1.30269e+00
7.91770e+07	1.26817e+00
8.02792e+07	1.23475e+00
8.13968e+07	1.20210e+00
8.25299e+07	1.17032e+00
8.36787e+07	1.13938e+00
8.48436e+07	1.10921e+00
8.60247e+07	1.07981e+00
8.72222e+07	1.05123e+00
8.84364e+07	1.02339e+00
8.96675e+07	9.96085e-01
9.09157e+07	9.69536e-01
9.21814e+07	9.44033e-01
9.34646e+07	9.18895e-01
9.47657e+07	8.94436e-01
9.60849e+07	8.70771e-01
9.74225e+07	8.47571e-01
9.87787e+07	8.24905e-01
1.00154e+08	8.02938e-01
1.01548e+08	7.81303e-01
1.02962e+08	7.60250e-01
1.04395e+08	7.39765e-01
1.05848e+08	7.19832e-01
1.07322e+08	7.00436e-01
1.08816e+08	6.81562e-01
1.10330e+08	6.63259e-01
1.11866e+08	6.45601e-01
1.13424e+08	6.28413e-01
1.15002e+08	6.11682e-01
1.16603e+08	5.95397e-01
1.18227e+08	5.79545e-01
1.19872e+08	5.64116e-01
1.21541e+08	5.49127e-01
1.23233e+08	5.34538e-01
1.24949e+08	5.20336e-01
1.26688e+08	5.06511e-01
1.28451e+08	4.93054e-01
1.30240e+08	4.79931e-01
1.32053e+08	4.67011e-01
1.33891e+08	4.54438e-01
1.35755e+08	4.42204e-01
1.37645e+08	4.30300e-01
1.39561e+08	4.18716e-01
1.41503e+08	4.07477e-01
1.43473e+08	3.96550e-01
1.45471e+08	3.85915e-01
1.47496e+08	3.75566e-01
1.49549e+08	3.65494e-01
1.51631e+08	3.55666e-01
1.53742e+08	3.46095e-01
1.55882e+08	3.36782e-01
1.58052e+08	3.27720e-01
1.60252e+08	3.18886e-01
1.62483e+08	3.10172e-01
1.64745e+08	3.01697e-01
1.67038e+08	2.93453e-01
1.69363e+08	2.85434e-01
1.71721e+08	2.77772e-01
1.74111e+08	2.70348e-01
1.76535e+08	2.63121e-01
1.78993e+08	2.56088e-01
1.81484e+08	2.49302e-01
1.84011e+08	2.42729e-01
1.86572e+08	2.36329e-01
1.89170e+08	2.30098e-01
1.91803e+08	2.23893e-01
1.94473e+08	2.17782e-01
1.97180e+08	2.11837e-01
1.99925e+08	2.06055e-01
2.02708e+08	2.00445e-01
2.05530e+08	1.94989e-01
2.08391e+08	1.89681e-01
2.11292e+08	1.84519e-01
2.14233e+08	1.79499e-01
2.17216e+08	1.74616e-01
2.20240e+08	1.69891e-01
2.23305e+08	1.65442e-01
2.26414e+08	1.61110e-01
2.29566e+08	1.56891e-01
2.32762e+08	1.52607e-01
2.36002e+08	1.48407e-01
2.39287e+08	1.44322e-01
2.42618e+08	1.40434e-01
2.45996e+08	1.36669e-01
2.49420e+08	1.33005e-01
2.52892e+08	1.29423e-01
2.56413e+08	1.25934e-01
2.59982e+08	1.22539e-01
2.63601e+08	1.19162e-01
2.67271e+08	1.15879e-01
2.70991e+08	1.12714e-01
2.74764e+08	1.09694e-01
2.78589e+08	1.06755e-01
2.82467e+08	1.03833e-01
2.86399e+08	1.00961e-01
2.90386e+08	9.81907e-02
2.94428e+08	9.56057e-02
2.98527e+08	9.30887e-02
3.02683e+08	9.05754e-02
3.06896e+08	8.80996e-02
3.11168e+08	8.56933e-02
3.15500e+08	8.33560e-02
3.19892e+08	8.10825e-02
3.24345e+08	7.90329e-02
3.28860e+08	7.70354e-02
3.33438e+08	7.48634e-02
3.38080e+08	7.26415e-02
3.42786e+08	7.06530e-02
3.47558e+08	6.87974e-02
3.52396e+08	6.69598e-02
3.57302e+08	6.51430e-02
3.62276e+08	6.33732e-02
3.67319e+08	6.16493e-02
3.72432e+08	6.00050e-02
3.77617e+08	5.84348e-02
3.82874e+08	5.68676e-02
3.88203e+08	5.53063e-02
3.93608e+08	5.38013e-02
3.99087e+08	5.23434e-02
4.04642e+08	5.09706e-02
4.10275e+08	4.96397e-02
4.15987e+08	4.82143e-02
4.21777e+08	4.68578e-02
4.27649e+08	4.55922e-02
4.33602e+08	4.43423e-02
4.39638e+08	4.31203e-02
4.45758e+08	4.20047e-02
4.51964e+08	4.09194e-02
4.58255e+08	3.98648e-02
4.64634e+08	3.87544e-02
4.71103e+08	3.76476e-02
4.77661e+08	3.66193e-02
4.84310e+08	3.56272e-02
4.91052e+08	3.46723e-02
4.97888e+08	3.37727e-02
5.04819e+08	3.29051e-02
5.11846e+08	3.20418e-02
5.18971e+08	3.11119e-02
5.26196e+08	3.02476e-02
5.33521e+08	2.93982e-02
5.40948e+08	2.85747e-02
5.48478e+08	2.78375e-02
5.56114e+08	2.70886e-02
5.63855e+08	2.63764e-02
5.71704e+08	2.56810e-02
5.79663e+08	2.49209e-02
5.87732e+08	2.42902e-02
5.95914e+08	2.36437e-02
6.04209e+08	2.29686e-02
6.12620e+08	2.23090e-02
6.21149e+08	2.17152e-02
6.29795e+08	2.11603e-02
6.38563e+08	2.05818e-02
6.47452e+08	2.00597e-02
6.56465e+08	1.95201e-02
6.65603e+08	1.89884e-02
6.74869e+08	1.84939e-02
6.84264e+08	1.79961e-02
6.93789e+08	1.74784e-02
7.03447e+08	1.70026e-02
7.13240e+08	1.65253e-02
7.23168e+08	1.60651e-02
7.33236e+08	1.56506e-02
7.43443e+08	1.52234e-02
7.53792e+08	1.48213e-02
7.64285e+08	1.44219e-02
7.74925e+08	1.40105e-02
7.85712e+08	1.36466e-02
7.96650e+08	1.32885e-02
8.07740e+08	1.28999e-02
8.18984e+08	1.25707e-02
8.30385e+08	1.22296e-02
8.41945e+08	1.18700e-02
8.53665e+08	1.15464e-02
8.65549e+08	1.12597e-02
8.77598e+08	1.09332e-02
8.89815e+08	1.06509e-02
9.02201e+08	1.03607e-02
9.14761e+08	1.00884e-02
9.27495e+08	9.80734e-03
9.40406e+08	9.53787e-03
9.53497e+08	9.29024e-03
9.66771e+08	9.03687e-03
9.80229e+08	8.78014e-03
9.93875e+08	8.57010e-03
1.00771e+09	8.32454e-03
1.02174e+09	8.09752e-03
1.03596e+09	7.87669e-03
1.05038e+09	7.66188e-03
1.06500e+09	7.45293e-03
1.07983e+09	7.24968e-03
1.09486e+09	7.05198e-03
1.11010e+09	6.86114e-03
1.12556e+09	6.67602e-03
1.14123e+09	6.49589e-03
1.15711e+09	6.32062e-03
1.17322e+09	6.15008e-03
1.18955e+09	5.98414e-03
1.20611e+09	5.82298e-03
1.22290e+09	5.66655e-03
1.23993e+09	5.51433e-03
1.25719e+09	5.36620e-03
1.27469e+09	5.22204e-03
1.29243e+09	5.08176e-03
1.31042e+09	4.94429e-03
1.32867e+09	4.80987e-03
1.34716e+09	4.67910e-03
1.36591e+09	4.55189e-03
1.38493e+09	4.42813e-03
1.40421e+09	4.30766e-03
1.42376e+09	4.19016e-03
1.44358e+09	4.07587e-03
1.46367e+09	3.96469e-03
1.48405e+09	3.85655e-03
1.50471e+09	3.75178e-03
1.52565e+09	3.65124e-03
1.54689e+09	3.55340e-03
1.56842e+09	3.45818e-03
1.59026e+09	3.36552e-03
1.61240e+09	3.27331e-03
1.63484e+09	3.18207e-03
1.65760e+09	3.09337e-03
1.68067e+09	3.00714e-03
1.70407e+09	2.92424e-03
1.72779e+09	2.84619e-03
1.75184e+09	2.77023e-03
1.77623e+09	2.69630e-03
1.80096e+09	2.62433e-03
1.82603e+09	2.55420e-03
1.85145e+09	2.48594e-03
1.87722e+09	2.41951e-03
1.90335e+09	2.35475e-03
1.92985e+09	2.29068e-03
1.95672e+09	2.22834e-03
1.98395e+09	2.16771e-03
2.01157e+09	2.10860e-03
2.03958e+09	2.05094e-03
2.06797e+09	1.99485e-03
2.09676e+09	1.94030e-03
2.12594e+09	1.88749e-03
2.15554e+09	1.83614e-03
2.18554e+09	1.78618e-03
2.21597e+09	1.73817e-03
2.24682e+09	1.69185e-03
2.27809e+09	1.64677e-03
2.30981e+09	1.60265e-03
2.34196e+09	1.55909e-03
2.37456e+09	1.51671e-03
2.40762e+09	1.47538e-03
2.44113e+09	1.43490e-03
2.47512e+09	1.39553e-03
2.50957e+09	1.35765e-03
2.54451e+09	1.32180e-03
2.57993e+09	1.28691e-03
2.61584e+09	1.25198e-03
2.65226e+09	1.21680e-03
2.68918e+09	1.18262e-03
2.72661e+09	1.15095e-03
2.76457e+09	1.12060e-03
2.80306e+09	1.09082e-03
2.84208e+09	1.05989e-03
2.88164e+09	1.02983e-03
2.92175e+09	1.00195e-03
2.96243e+09	9.75627e-04
3.00367e+09	9.49889e-04
3.04548e+09	9.23977e-04
3.08788e+09	8.98772e-04
3.13086e+09	8.74289e-04
3.17444e+09	8.50483e-04
3.21864e+09	8.28048e-04
3.26344e+09	8.07094e-04
3.30887e+09	7.86295e-04
3.35493e+09	7.62977e-04
3.40164e+09	7.40656e-04
3.44899e+09	7.21160e-04
3.49700e+09	7.02178e-04
3.54568e+09	6.83092e-04
3.59504e+09	6.64501e-04
3.64509e+09	6.46363e-04
3.69583e+09	6.28718e-04
3.74728e+09	6.12310e-04
3.79944e+09	5.96363e-04
3.85233e+09	5.80106e-04
3.90596e+09	5.64258e-04
3.96033e+09	5.48860e-04
4.01546e+09	5.33885e-04
4.07136e+09	5.19328e-04
4.12804e+09	5.05182e-04
4.18550e+09	4.91440e-04
4.24377e+09	4.77455e-04
4.30285e+09	4.63900e-04
4.36275e+09	4.51981e-04
4.42348e+09	4.40011e-04
4.48506e+09	4.27961e-04
4.54749e+09	4.16776e-04
4.61080e+09	4.05866e-04
4.67498e+09	3.94160e-04
4.74006e+09	3.83158e-04
4.80605e+09	3.72687e-04
4.87295e+09	3.62601e-04
4.94078e+09	3.53016e-04
5.00956e+09	3.43832e-04
5.07930e+09	3.34992e-04
5.15001e+09	3.25768e-04
5.22170e+09	3.16597e-04
5.29439e+09	3.07997e-04
5.36809e+09	2.99523e-04
5.44282e+09	2.91346e-04
5.51859e+09	2.83421e-04
5.59541e+09	2.75692e-04
5.67330e+09	2.68558e-04
5.75228e+09	2.61033e-04
5.83235e+09	2.53850e-04
5.91354e+09	2.47310e-04
5.99587e+09	2.40685e-04
6.07933e+09	2.33997e-04
6.16396e+09	2.27599e-04
6.24977e+09	2.21151e-04
6.33677e+09	2.15126e-04
6.42498e+09	2.09653e-04
6.51442e+09	2.04247e-04
6.60511e+09	1.98680e-04
6.69706e+09	1.93324e-04
6.79028e+09	1.88441e-04
6.88481e+09	1.82976e-04
6.98065e+09	1.77902e-04
7.07783e+09	1.72733e-04
7.17636e+09	1.67940e-04
7.27626e+09	1.63689e-04
7.37755e+09	1.59286e-04
7.48025e+09	1.54942e-04
7.58438e+09	1.51001e-04
7.68996e+09	1.46266e-04
7.79701e+09	1.42601e-04
7.90555e+09	1.39044e-04
8.01560e+09	1.34937e-04
8.12718e+09	1.31356e-04
8.24032e+09	1.27977e-04
8.35503e+09	1.24318e-04
8.47134e+09	1.20806e-04
8.58926e+09	1.17506e-04
8.70883e+09	1.14840e-04
8.83007e+09	1.11195e-04
8.95299e+09	1.08312e-04
9.07762e+09	1.05457e-04
9.20399e+09	1.02809e-04
9.33211e+09	9.97853e-05
9.46202e+09	9.71928e-05
9.59374e+09	9.44172e-05
9.72729e+09	9.20007e-05
9.86270e+09	8.95782e-05
1.00000e+10	8.70975e-05
